Sequence Number,Value
128,1912
129,1922
130,1898
131,1872
132,1840
133,1864
134,1876
135,1866
136,1872
137,1864
138,1908
139,1892
140,1908
141,1948
142,1966
143,1996
144,2020
145,1998
146,1942
147,1878
148,1802
149,1816
150,1854
151,1828
152,1792
153,1772
154,1804
155,1806
156,1792
157,1778
158,1812
159,1844
160,1832
161,1850
162,1900
163,1900
164,1920
165,1892
166,1922
167,1884
168,1876
169,1828
170,1884
171,1902
172,1882
173,1888
174,1848
175,1814
176,1818
177,1812
178,1800
179,1858
180,1926
181,1944
182,1928
183,1900
184,1860
185,1852
186,1738
187,1742
188,1780
189,1844
190,1840
191,1824
192,1746
193,1734
194,1750
195,1774
196,1812
197,1852
198,1900
199,1876
200,1822
201,1782
202,1776
203,1796
204,1812
205,1874
206,1870
207,1854
208,1806
209,1832
210,1840
211,1960
212,2000
213,2004
214,1938
215,1844
216,1828
217,1810
218,1860
219,1854
220,1862
221,1884
222,1850
223,1846
224,1848
225,1842
226,1862
227,1856
228,1882
229,1842
230,1784
231,1820
232,1808
233,1856
234,1832
235,1848
236,1854
237,1848
238,1836
239,1804
240,1800
241,1812
242,1800
243,1804
244,1842
245,1846
246,1912
247,1936
248,1888
249,1910
250,1938
251,1996
252,1976
253,1900
254,1820
255,1782
0,1792
1,1782
2,1852
3,1858
4,1902
5,1942
6,1900
7,1892
8,1834
9,1840
10,1848
11,1842
12,1828
13,1826
14,1790
15,1752
16,1772
17,1790
18,1854
19,1834
20,1828
21,1854
22,1898
23,1876
24,1824
25,1804
26,1794
27,1818
28,1788
29,1840
30,1874
31,1944
32,1898
33,1876
34,1858
35,1904
36,1934
37,1932
38,1922
39,1906
40,1924
41,1952
42,1958
43,1996
44,1962
45,1916
46,1832
47,1840
48,1854
49,1876
50,1922
51,1914
52,1936
53,1878
54,1836
55,1828
56,1802
57,1828
58,1812
59,1830
60,1820
61,1776
62,1746
63,1776
64,1754
65,1804
66,1802
67,1810
68,1824
69,1836
70,1826
71,1826
72,1780
73,1744
74,1718
75,1692
76,1714
77,1766
78,1822
79,1874
80,1916
81,1964
82,1938
83,1884
84,1824
85,1850
86,1844
87,1820
88,1810
89,1804
90,1828
91,1848
92,1842
93,1868
94,1878
95,1846
96,1776
97,1764
98,1784
99,1812
100,1810
101,1860
102,1874
103,1868
104,1850
105,1844
106,1884
107,1890
108,1920
109,1910
110,1936
111,1896
112,1896
113,1870
114,1876
115,1842
116,1858
117,1818
118,1824
119,1844
120,1852
121,1890
122,1920
123,1934
124,1880
125,1836
126,1850
127,1842
128,1886
129,1880
130,1898
131,1880
132,1896
133,1882
134,1850
135,1850
136,1796
137,1818
138,1810
139,1786
140,1790
141,1786
142,1798
143,1768
144,1812
145,1816
146,1836
147,1864
148,1864
149,1914
150,1926
151,1876
152,1856
153,1834
154,1850
155,1812
156,1784
157,1846
158,1836
159,1870
160,1830
161,1822
162,1838
163,1862
164,1862
165,1864
166,1916
167,1892
168,1908
169,1894
170,1924
171,1902
172,1878
173,1836
174,1842
175,1896
176,1892
177,1880
178,1884
179,1862
180,1864
181,1846
182,1824
183,1858
184,1900
185,1894
186,1896
187,1888
188,1916
189,1938
190,1936
191,1912
192,1924
193,1888
194,1850
195,1826
196,1806
197,1828
198,1822
199,1890
200,1928
201,1948
202,1920
203,1872
204,1784
205,1808
206,1804
207,1854
208,1832
209,1840
210,1810
211,1812
212,1744
213,1782
214,1778
215,1834
216,1866
217,1878
218,1866
219,1866
220,1912
221,1910
222,1916
223,1962
224,2028
225,2032
226,1930
227,1920
228,1938
229,1952
230,1980
231,1998
232,1970
233,1882
234,1832
235,1800
236,1822
237,1780
238,1744
239,1772
240,1800
241,1882
242,1852
243,1948
244,2034
245,2038
246,2014
247,1926
248,1972
249,1944
250,1902
251,1730
252,1564
253,1584
254,1700
255,1884
0,2020
1,2034
2,1958
3,1862
4,1850
5,1876
6,1962
7,1930
8,1908
9,1880
10,1920
11,1966
12,2034
13,2126
14,2130
15,2098
16,1928
17,1854
18,1766
19,1672
20,1612
21,1658
22,1762
23,1924
24,2032
25,2010
26,1830
27,1596
28,1568
29,1674
30,1912
31,1990
32,1942
33,1920
34,1928
35,1904
36,1844
37,1832
38,1852
39,1894
40,1974
41,1868
42,1772
43,1668
44,1594
45,1590
46,1622
47,1812
48,1918
49,1962
50,1960
51,1974
52,1994
53,1992
54,1996
55,1994
56,1838
57,1736
58,1586
59,1596
60,1690
61,1786
62,1752
63,1788
64,1856
65,1922
66,1884
67,1758
68,1592
69,1562
70,1682
71,1866
72,2028
73,2052
74,1950
75,1888
76,1864
77,1828
78,1878
79,1886
80,1910
81,1928
82,1822
83,1666
84,1672
85,1698
86,1714
87,1868
88,1962
89,2044
90,2014
91,1956
92,1904
93,1852
94,1802
95,1888
96,1874
97,1944
98,1890
99,1682
100,1700
101,1832
102,1938
103,2106
104,2138
105,1902
106,1878
107,1910
108,1860
109,1802
110,1740
111,1730
112,1900
113,2060
114,2300
115,2292
116,2056
117,1754
118,1574
119,1632
120,1890
121,2040
122,2138
123,1970
124,1850
125,1844
126,1836
127,1840
128,1764
129,1630
130,1676
131,1842
132,2040
133,2142
134,2106
135,1916
136,1850
137,1958
138,2034
139,1876
140,1878
141,1880
142,1830
143,2086
144,2280
145,2180
146,2036
147,1892
148,1772
149,1958
150,2086
151,2040
152,1964
153,1994
154,2004
155,2008
156,1968
157,1842
158,1730
159,1756
160,1842
161,1830
162,1942
163,1934
164,1874
165,1852
166,1864
167,1884
168,1900
169,1892
170,1870
171,1886
172,1920
173,2016
174,2088
175,2064
176,1944
177,1818
178,1816
179,1878
180,1874
181,1884
182,1938
183,2044
184,2006
185,1976
186,1996
187,1996
188,1966
189,1920
190,2008
191,2106
192,2100
193,1956
194,1800
195,1704
196,1670
197,1732
198,1862
199,1938
200,1930
201,1782
202,1702
203,1640
204,1712
205,1716
206,1682
207,1640
208,1716
209,1866
210,1890
211,1850
212,1836
213,1812
214,1854
215,1924
216,1950
217,1892
218,1830
219,1734
220,1742
221,1798
222,1848
223,1872
224,1858
225,1862
226,1966
227,2036
228,2054
229,1868
230,1712
231,1708
232,1790
233,1844
234,1832
235,1768
236,1770
237,1840
238,1878
239,1842
240,1800
241,1734
242,1698
243,1830
244,1934
245,1884
246,1808
247,1692
248,1648
249,1694
250,1826
251,1864
252,1822
253,1810
254,1804
255,1864
0,1852
1,1756
2,1692
3,1738
4,1832
5,1894
6,1898
7,1784
8,1704
9,1690
10,1826
11,1914
12,1922
13,1784
14,1666
15,1668
16,1748
17,1854
18,1860
19,1832
20,1784
21,1812
22,1852
23,1806
24,1702
25,1628
26,1652
27,1752
28,1858
29,1884
30,1772
31,1728
32,1724
33,1824
34,1998
35,2014
36,1952
37,1756
38,1624
39,1628
40,1724
41,1858
42,1854
43,1816
44,1810
45,1806
46,1834
47,1818
48,1796
49,1754
50,1792
51,1852
52,1790
53,1828
54,1772
55,1786
56,1808
57,1862
58,1854
59,1850
60,1810
61,1774
62,1786
63,1758
64,1694
65,1716
66,1802
67,1922
68,1994
69,1892
70,1844
71,1784
72,1798
73,1890
74,1926
75,1862
76,1858
77,1788
78,1776
79,1852
80,1920
81,1930
82,1930
83,1894
84,1928
85,1858
86,1750
87,1808
88,1814
89,1790
90,1786
91,1840
92,1876
93,1810
94,1686
95,1714
96,1842
97,1954
98,1974
99,1992
100,1960
101,1924
102,1854
103,1820
104,1858
105,1952
106,1972
107,1976
108,2010
109,2080
110,2078
111,2002
112,1900
113,1976
114,1960
115,1948
116,1942
117,1924
118,1944
119,1942
120,1946
121,2054
122,2146
123,2158
124,2158
125,2056
126,1926
127,1822
128,1834
129,1894
130,2040
131,2112
132,2070
133,2026
134,1996
135,2010
136,1972
137,1972
138,1980
139,1986
140,1950
141,1926
142,1962
143,1942
144,2000
145,2026
146,2084
147,2138
148,2150
149,2156
150,2102
151,2068
152,2040
153,2026
154,1986
155,1970
156,1982
157,1942
158,1870
159,1908
160,1976
161,2012
162,2020
163,1950
164,1906
165,1934
166,1898
167,1892
168,1894
169,1874
170,1880
171,1888
172,1928
173,1984
174,1996
175,1902
176,1886
177,1856
178,1828
179,1794
180,1740
181,1738
182,1742
183,1822
184,1894
185,1940
186,1922
187,1906
188,1858
189,1940
190,2044
191,2040
192,1968
193,1882
194,1794
195,1826
196,1832
197,1766
198,1758
199,1784
200,1874
201,1890
202,1882
203,1912
204,1850
205,1826
206,1840
207,1930
208,1994
209,1946
210,1908
211,1852
212,1890
213,1916
214,1930
215,1938
216,1886
217,1818
218,1734
219,1728
220,1716
221,1734
222,1754
223,1798
224,1854
225,1892
226,1838
227,1768
228,1778
229,1776
230,1828
231,1824
232,1830
233,1760
234,1730
235,1730
236,1754
237,1746
238,1764
239,1790
240,1804
241,1814
242,1790
243,1726
244,1672
245,1630
246,1642
247,1706
248,1748
249,1754
250,1756
251,1782
252,1820
253,1832
254,1828
255,1820
0,1818
1,1842
2,1854
3,1820
4,1818
5,1880
6,1922
7,2000
8,1956
9,1868
10,1786
11,1722
12,1732
13,1800
14,1746
15,1754
16,1750
17,1804
18,1836
19,1912
20,1886
21,1922
22,1874
23,1888
24,1896
25,1870
26,1848
27,1856
28,1856
29,1908
30,1862
31,1890
32,1860
33,1810
34,1822
35,1834
36,1876
37,1908
38,1938
39,1928
40,1892
41,1908
42,1892
43,1872
44,1874
45,1846
46,1824
47,1826
48,1798
49,1760
50,1764
51,1788
52,1766
53,1782
54,1734
55,1710
56,1686
57,1704
58,1708
59,1750
60,1758
61,1784
62,1798
63,1836
64,1824
65,1818
66,1802
67,1804
68,1856
69,1870
70,1848
71,1868
72,1856
73,1860
74,1862
75,1878
76,1868
77,1880
78,1946
79,1992
80,2006
81,2018
82,1988
83,1960
84,1968
85,1980
86,1986
87,1970
88,1918
89,1890
90,1860
91,1864
92,1846
93,1844
94,1864
95,1862
96,1906
97,1912
98,1882
99,1838
100,1804
101,1854
102,1876
103,1900
104,1888
105,1880
106,1912
107,1886
108,1926
109,1936
110,1968
111,1982
112,1898
113,1914
114,1978
115,2014
116,1968
117,1884
118,1806
119,1794
120,1848
121,1822
122,1826
123,1820
124,1790
125,1744
126,1736
127,1764
128,1786
129,1782
130,1764
131,1746
132,1780
133,1766
134,1800
135,1832
136,1850
137,1854
138,1864
139,1872
140,1860
141,1944
142,1962
143,1968
144,1976
145,1912
146,1872
147,1870
148,1864
149,1912
150,1988
151,1974
152,2002
153,2000
154,1954
155,1876
156,1860
157,1806
158,1862
159,1904
160,1968
161,1962
162,1892
163,1832
164,1870
165,1910
166,1920
167,1888
168,1850
169,1814
170,1840
171,1808
172,1818
173,1842
174,1890
175,1952
176,1908
177,1882
178,1866
179,1824
180,1832
181,1836
182,1898
183,1930
184,1956
185,1920
186,1856
187,1794
188,1794
189,1820
190,1858
191,1852
192,1814
193,1796
194,1792
195,1774
196,1752
197,1706
198,1724
199,1788
200,1818
201,1816
202,1766
203,1680
204,1630
205,1658
206,1708
207,1748
208,1738
209,1720
210,1772
211,1788
212,1844
213,1844
214,1886
215,1898
216,1852
217,1848
218,1842
219,1826
220,1830
221,1850
222,1908
223,1960
224,1966
225,1916
226,1844
227,1832
228,1832
229,1868
230,1862
231,1870
232,1856
233,1870
234,1904
235,1952
236,1968
237,1934
238,1862
239,1840
240,1858
241,1896
242,1858
243,1822
244,1786
245,1768
246,1750
247,1772
248,1776
249,1792
250,1794
251,1800
252,1806
253,1788
254,1790
255,1784
0,1784
1,1826
2,1874
3,1920
4,1942
5,1964
6,1928
7,1944
8,1922
9,1880
10,1822
11,1814
12,1866
13,1856
14,1940
15,1904
16,1898
17,1912
18,1910
19,1854
20,1864
21,1876
22,1908
23,1882
24,1882
25,1830
26,1828
27,1784
28,1790
29,1810
30,1830
31,1812
32,1774
33,1752
34,1764
35,1768
36,1766
37,1764
38,1778
39,1782
40,1828
41,1826
42,1908
43,1884
44,1876
45,1802
46,1808
47,1808
48,1878
49,1886
50,1920
51,1910
52,1930
53,1956
54,1960
55,1942
56,1934
57,1922
58,1946
59,1918
60,1936
61,1882
62,1866
63,1836
64,1876
65,1886
66,1846
67,1880
68,1910
69,1914
70,1936
71,1900
72,1918
73,1890
74,1866
75,1862
76,1882
77,1872
78,1886
79,1866
80,1812
81,1840
82,1818
83,1840
84,1866
85,1840
86,1802
87,1832
88,1794
89,1882
90,1914
91,1900
92,1866
93,1844
94,1802
95,1784
96,1778
97,1818
98,1838
99,1862
100,1864
101,1912
102,1858
103,1910
104,1894
105,1882
106,1856
107,1842
108,1902
109,1900
110,1898
111,1876
112,1832
113,1856
114,1844
115,1844
116,1832
117,1840
118,1796
119,1792
120,1826
121,1830
122,1862
123,1888
124,1882
125,1868
126,1860
127,1850
128,1894
129,1904
130,1904
131,1874
132,1876
133,1868
134,1886
135,1874
136,1854
137,1836
138,1836
139,1848
140,1910
141,1888
142,1938
143,1906
144,1908
145,1918
146,1912
147,1908
148,1874
149,1900
150,1870
151,1882
152,1928
153,1946
154,1940
155,1904
156,1900
157,1912
158,1956
159,1932
160,1900
161,1834
162,1854
163,1854
164,1850
165,1788
166,1812
167,1840
168,1866
169,1866
170,1856
171,1814
172,1798
173,1792
174,1832
175,1852
176,1832
177,1810
178,1816
179,1808
180,1842
181,1846
182,1860
183,1898
184,1876
185,1878
186,1880
187,1852
188,1864
189,1856
190,1840
191,1846
192,1872
193,1854
194,1864
195,1844
196,1850
197,1858
198,1880
199,1864
200,1844
201,1866
202,1884
203,1914
204,1916
205,1880
206,1872
207,1834
208,1854
209,1890
210,1878
211,1830
212,1802
213,1744
214,1734
215,1780
216,1752
217,1770
218,1806
219,1830
220,1862
221,1868
222,1850
223,1842
224,1828
225,1794
226,1776
227,1750
228,1726
229,1730
230,1744
231,1736
232,1798
233,1812
234,1830
235,1844
236,1848
237,1870
238,1834
239,1812
240,1750
241,1722
242,1722
243,1710
244,1760
245,1780
246,1788
247,1810
248,1822
249,1860
250,1848
251,1876
252,1884
253,1846
254,1826
255,1786
0,1754
1,1712
2,1726
3,1758
4,1778
5,1794
6,1782
7,1740
8,1722
9,1674
10,1714
11,1744
12,1778
13,1772
14,1820
15,1874
16,1878
17,1860
18,1836
19,1820
20,1810
21,1846
22,1858
23,1874
24,1902
25,1866
26,1868
27,1904
28,1908
29,1936
30,1902
31,1920
32,1890
33,1908
34,1850
35,1824
36,1792
37,1812
38,1818
39,1842
40,1874
41,1908
42,1916
43,1912
44,1886
45,1868
46,1832
47,1792
48,1738
49,1736
50,1742
51,1758
52,1754
53,1740
54,1756
55,1750
56,1776
57,1798
58,1814
59,1806
60,1824
61,1834
62,1846
63,1868
64,1882
65,1848
66,1874
67,1896
68,1912
69,1962
70,1956
71,1962
72,1932
73,1940
74,1962
75,1928
76,1940
77,1878
78,1908
79,1892
80,1924
81,1912
82,1888
83,1880
84,1862
85,1820
86,1798
87,1834
88,1844
89,1876
90,1848
91,1832
92,1832
93,1828
94,1784
95,1786
96,1760
97,1826
98,1846
99,1868
100,1880
101,1872
102,1850
103,1858
104,1852
105,1878
106,1872
107,1868
108,1864
109,1862
110,1860
111,1864
112,1866
113,1886
114,1860
115,1912
116,1886
117,1930
118,1934
119,1944
120,1910
121,1880
122,1826
123,1798
124,1768
125,1786
126,1764
127,1800
128,1784
129,1872
130,1850
131,1884
132,1846
133,1798
134,1766
135,1754
136,1768
137,1772
138,1780
139,1796
140,1788
141,1788
142,1788
143,1796
144,1804
145,1822
146,1824
147,1834
148,1842
149,1842
150,1870
151,1878
152,1904
153,1908
154,1896
155,1896
156,1848
157,1856
158,1854
159,1856
160,1868
161,1864
162,1862
163,1874
164,1850
165,1850
166,1856
167,1868
168,1866
169,1862
170,1866
171,1826
172,1822
173,1774
174,1788
175,1752
176,1772
177,1764
178,1768
179,1762
180,1778
181,1790
182,1810
183,1842
184,1870
185,1892
186,1936
187,1970
188,1922
189,1926
190,1870
191,1892
192,1862
193,1882
194,1822
195,1798
196,1770
197,1794
198,1792
199,1840
200,1828
201,1830
202,1798
203,1786
204,1824
205,1796
206,1828
207,1860
208,1900
209,1914
210,1884
211,1836
212,1776
213,1776
214,1822
215,1884
216,1900
217,1896
218,1900
219,1882
220,1862
221,1820
222,1800
223,1836
224,1836
225,1918
226,1888
227,1906
228,1892
229,1882
230,1856
231,1862
232,1850
233,1888
234,1888
235,1870
236,1836
237,1848
238,1876
239,1902
240,1896
241,1904
242,1898
243,1840
244,1838
245,1800
246,1796
247,1818
248,1830
249,1846
250,1864
251,1834
252,1818
253,1844
254,1912
255,1964
0,1954
1,1984
2,1952
3,1960
4,1942
5,1904
6,1882
7,1892
8,1926
9,1932
10,1966
11,1990
12,2004
13,2012
14,1990
15,1960
16,1936
17,1918
18,1898
19,1890
20,1872
21,1856
22,1864
23,1850
24,1876
25,1874
26,1898
27,1902
28,1896
29,1904
30,1920
31,1958
32,1948
33,1958
34,1938
35,1936
36,1912
37,1898
38,1908
39,1942
40,1958
41,1966
42,1954
43,1934
44,1888
45,1874
46,1850
47,1870
48,1874
49,1904
50,1932
51,1948
52,1984
53,1978
54,1988
55,1970
56,1948
57,1914
58,1892
59,1864
60,1848
61,1860
62,1890
63,1866
64,1894
65,1866
66,1870
67,1860
68,1834
69,1840
70,1808
71,1780
72,1802
73,1802
74,1872
75,1888
76,1928
77,1902
78,1930
79,1940
80,1988
81,1992
82,1988
83,1998
84,1958
85,1982
86,1926
87,1922
88,1884
89,1906
90,1898
91,1908
92,1916
93,1882
94,1878
95,1854
96,1844
97,1866
98,1874
99,1898
100,1874
101,1870
102,1858
103,1868
104,1856
105,1848
106,1826
107,1838
108,1828
109,1852
110,1852
111,1852
112,1862
113,1876
114,1866
115,1856
116,1836
117,1844
118,1816
119,1812
120,1802
121,1766
122,1814
123,1796
124,1864
125,1870
126,1910
127,1856
128,1840
129,1794
130,1800
131,1830
132,1864
133,1904
134,1890
135,1876
136,1866
137,1802
138,1840
139,1796
140,1816
141,1818
142,1838
143,1866
144,1878
145,1898
146,1872
147,1850
148,1868
149,1836
150,1828
151,1840
152,1866
153,1890
154,1918
155,1926
156,1914
157,1918
158,1902
159,1876
160,1890
161,1830
162,1860
163,1878
164,1890
165,1906
166,1908
167,1898
168,1896
169,1876
170,1880
171,1898
172,1886
173,1890
174,1884
175,1878
176,1890
177,1892
178,1898
179,1880
180,1858
181,1868
182,1840
183,1840
184,1816
185,1816
186,1806
187,1802
188,1798
189,1798
190,1782
191,1760
192,1784
193,1822
194,1848
195,1856
196,1858
197,1856
198,1884
199,1886
200,1898
201,1866
202,1844
203,1802
204,1844
205,1850
206,1858
207,1834
208,1830
209,1832
210,1844
211,1846
212,1830
213,1830
214,1824
215,1850
216,1836
217,1814
218,1824
219,1838
220,1864
221,1878
222,1870
223,1860
224,1860
225,1856
226,1842
227,1842
228,1818
229,1812
230,1836
231,1836
232,1800
233,1826
234,1818
235,1826
236,1828
237,1838
238,1854
239,1882
240,1898
241,1876
242,1872
243,1856
244,1876
245,1864
246,1842
247,1834
248,1830
249,1874
250,1846
251,1842
252,1808
253,1794
254,1784
255,1782
0,1806
1,1812
2,1832
3,1830
4,1806
5,1800
6,1806
7,1802
8,1804
9,1806
10,1782
11,1800
12,1754
13,1756
14,1786
15,1780
16,1798
17,1784
18,1780
19,1808
20,1802
21,1838
22,1798
23,1826
24,1798
25,1822
26,1866
27,1848
28,1820
29,1820
30,1816
31,1804
32,1802
33,1764
34,1782
35,1792
36,1788
37,1814
38,1838
39,1826
40,1838
41,1888
42,1882
43,1962
44,1922
45,1904
46,1904
47,1880
48,1906
49,1896
50,1910
51,1910
52,1916
53,1892
54,1920
55,1894
56,1860
57,1838
58,1814
59,1838
60,1894
61,1914
62,1932
63,1884
64,1868
65,1872
66,1906
67,1914
68,1912
69,1922
70,1898
71,1876
72,1830
73,1794
74,1756
75,1778
76,1782
77,1804
78,1782
79,1778
80,1770
81,1744
82,1770
83,1808
84,1842
85,1860
86,1892
87,1874
88,1864
89,1886
90,1854
91,1878
92,1888
93,1864
94,1878
95,1894
96,1852
97,1846
98,1806
99,1786
100,1798
101,1804
102,1816
103,1812
104,1782
105,1804
106,1804
107,1824
108,1834
109,1846
110,1832
111,1808
112,1786
113,1766
114,1760
115,1784
116,1792
117,1856
118,1860
119,1888
120,1886
121,1880
122,1868
123,1850
124,1822
125,1812
126,1822
127,1848
128,1878
129,1908
130,1926
131,1948
132,1940
133,1936
134,1960
135,1964
136,1968
137,1960
138,1936
139,1910
140,1862
141,1820
142,1802
143,1776
144,1782
145,1808
146,1824
147,1846
148,1832
149,1874
150,1824
151,1834
152,1826
153,1848
154,1826
155,1852
156,1806
157,1812
158,1826
159,1846
160,1874
161,1916
162,1926
163,1936
164,1906
165,1904
166,1858
167,1842
168,1854
169,1866
170,1880
171,1890
172,1874
173,1872
174,1816
175,1814
176,1792
177,1832
178,1846
179,1850
180,1870
181,1862
182,1850
183,1892
184,1874
185,1852
186,1838
187,1868
188,1914
189,1962
190,1908
191,1932
192,1886
193,1920
194,1950
195,1968
196,1976
197,1974
198,1992
199,1972
200,1964
201,1990
202,1968
203,1978
204,1936
205,1944
206,1904
207,1902
208,1854
209,1852
210,1854
211,1842
212,1834
213,1848
214,1820
215,1798
216,1788
217,1758
218,1794
219,1778
220,1792
221,1804
222,1802
223,1782
224,1782
225,1782
226,1780
227,1784
228,1798
229,1830
230,1820
231,1842
232,1840
233,1822
234,1836
235,1850
236,1834
237,1874
238,1876
239,1862
240,1868
241,1848
242,1820
243,1820
244,1852
245,1846
246,1868
247,1848
248,1852
249,1838
250,1798
251,1770
252,1764
253,1746
254,1754
255,1778
0,1774
1,1786
2,1790
3,1788
4,1804
5,1848
6,1856
7,1856
8,1884
9,1844
10,1846
11,1796
12,1754
13,1766
14,1748
15,1742
16,1766
17,1750
18,1754
19,1762
20,1766
21,1762
22,1780
23,1748
24,1780
25,1782
26,1794
27,1808
28,1832
29,1856
30,1906
31,1922
32,1910
33,1910
34,1870
35,1846
36,1850
37,1830
38,1848
39,1850
40,1844
41,1848
42,1844
43,1806
44,1858
45,1834
46,1868
47,1882
48,1888
49,1902
50,1916
51,1922
52,1936
53,1912
54,1928
55,1910
56,1920
57,1926
58,1918
59,1896
60,1842
61,1808
62,1774
63,1772
64,1792
65,1806
66,1782
67,1784
68,1788
69,1808
70,1816
71,1856
72,1864
73,1884
74,1896
75,1942
76,1944
77,1954
78,1946
79,1906
80,1876
81,1882
82,1896
83,1906
84,1950
85,1964
86,1970
87,1948
88,1952
89,1922
90,1944
91,1930
92,1920
93,1924
94,1926
95,1918
96,1902
97,1912
98,1920
99,1926
100,1956
101,1954
102,1992
103,1924
104,1950
105,1926
106,1916
107,1924
108,1896
109,1914
110,1888
111,1908
112,1914
113,1898
114,1922
115,1896
116,1900
117,1908
118,1902
119,1910
120,1862
121,1856
122,1832
123,1824
124,1862
125,1888
126,1918
127,1952
128,1972
129,1960
130,1940
131,1928
132,1908
133,1916
134,1902
135,1910
136,1880
137,1880
138,1880
139,1852
140,1850
141,1832
142,1802
143,1808
144,1792
145,1780
146,1812
147,1800
148,1812
149,1820
150,1838
151,1868
152,1880
153,1884
154,1914
155,1920
156,1940
157,1900
158,1902
159,1860
160,1872
161,1892
162,1886
163,1936
164,1936
165,1944
166,1924
167,1916
168,1868
169,1840
170,1838
171,1818
172,1822
173,1864
174,1886
175,1890
176,1898
177,1868
178,1870
179,1832
180,1828
181,1778
182,1764
183,1714
184,1718
185,1728
186,1742
187,1766
188,1756
189,1760
190,1764
191,1786
192,1812
193,1794
194,1812
195,1826
196,1810
197,1808
198,1758
199,1772
200,1772
201,1784
202,1832
203,1880
204,1920
205,1918
206,1924
207,1920
208,1896
209,1868
210,1830
211,1826
212,1818
213,1820
214,1822
215,1828
216,1800
217,1810
218,1788
219,1806
220,1816
221,1794
222,1832
223,1800
224,1818
225,1768
226,1764
227,1772
228,1782
229,1804
230,1796
231,1804
232,1782
233,1768
234,1756
235,1740
236,1734
237,1740
238,1756
239,1788
240,1778
241,1828
242,1818
243,1824
244,1786
245,1798
246,1814
247,1820
248,1844
249,1848
250,1850
251,1818
252,1822
253,1810
254,1846
255,1836
0,1848
1,1858
2,1836
3,1828
4,1820
5,1820
6,1796
7,1824
8,1802
9,1812
10,1792
11,1772
12,1762
13,1758
14,1778
15,1820
16,1828
17,1876
18,1868
19,1880
20,1868
21,1856
22,1824
23,1820
24,1796
25,1788
26,1826
27,1794
28,1798
29,1792
30,1784
31,1754
32,1746
33,1776
34,1776
35,1796
36,1798
37,1804
38,1804
39,1826
40,1796
41,1832
42,1810
43,1818
44,1834
45,1870
46,1890
47,1930
48,1920
49,1902
50,1876
51,1870
52,1838
53,1844
54,1862
55,1848
56,1864
57,1826
58,1836
59,1810
60,1846
61,1852
62,1886
63,1852
64,1868
65,1854
66,1844
67,1870
68,1874
69,1844
70,1860
71,1858
72,1862
73,1890
74,1904
75,1914
76,1904
77,1880
78,1890
79,1860
80,1866
81,1852
82,1840
83,1810
84,1808
85,1812
86,1822
87,1868
88,1892
89,1926
90,1910
91,1892
92,1872
93,1820
94,1838
95,1854
96,1876
97,1894
98,1898
99,1898
100,1904
101,1908
102,1886
103,1898
104,1862
105,1836
106,1830
107,1794
108,1762
109,1780
110,1768
111,1792
112,1788
113,1810
114,1858
115,1860
116,1834
117,1854
118,1820
119,1804
120,1844
121,1838
122,1876
123,1864
124,1872
125,1856
126,1852
127,1870
128,1868
129,1882
130,1876
131,1846
132,1828
133,1796
134,1788
135,1792
136,1786
137,1808
138,1818
139,1866
140,1858
141,1890
142,1900
143,1908
144,1922
145,1902
146,1914
147,1914
148,1874
149,1854
150,1818
151,1810
152,1814
153,1786
154,1810
155,1822
156,1820
157,1830
158,1810
159,1790
160,1772
161,1774
162,1776
163,1810
164,1810
165,1844
166,1832
167,1816
168,1794
169,1820
170,1826
171,1844
172,1858
173,1830
174,1854
175,1850
176,1890
177,1920
178,1872
179,1882
180,1826
181,1880
182,1872
183,1876
184,1872
185,1884
186,1852
187,1870
188,1862
189,1874
190,1888
191,1886
192,1912
193,1886
194,1920
195,1888
196,1888
197,1908
198,1868
199,1842
200,1806
201,1798
202,1788
203,1782
204,1804
205,1808
206,1830
207,1808
208,1830
209,1812
210,1854
211,1870
212,1878
213,1894
214,1914
215,1896
216,1902
217,1866
218,1894
219,1846
220,1834
221,1842
222,1844
223,1866
224,1896
225,1904
226,1900
227,1914
228,1906
229,1902
230,1898
231,1878
232,1894
233,1894
234,1874
235,1860
236,1852
237,1856
238,1894
239,1874
240,1898
241,1850
242,1846
243,1782
244,1776
245,1750
246,1758
247,1780
248,1794
249,1818
250,1828
251,1826
252,1836
253,1842
254,1886
255,1888
0,1906
1,1926
2,1926
3,1944
4,1954
5,1920
6,1922
7,1874
8,1886
9,1850
10,1830
11,1858
12,1794
13,1772
14,1742
15,1734
16,1770
17,1784
18,1806
19,1826
20,1810
21,1800
22,1786
23,1792
24,1742
25,1758
26,1760
27,1770
28,1788
29,1790
30,1808
31,1796
32,1820
33,1798
34,1820
35,1794
36,1816
37,1798
38,1796
39,1798
40,1804
41,1802
42,1824
43,1830
44,1832
45,1824
46,1808
47,1782
48,1764
49,1776
50,1766
51,1786
52,1794
53,1802
54,1786
55,1830
56,1804
57,1812
58,1844
59,1828
60,1820
61,1816
62,1804
63,1798
64,1796
65,1774
66,1792
67,1788
68,1784
69,1774
70,1792
71,1762
72,1744
73,1702
74,1682
75,1666
76,1674
77,1720
78,1750
79,1790
80,1854
81,1890
82,1916
83,1948
84,1930
85,1934
86,1906
87,1886
88,1848
89,1848
90,1814
91,1804
92,1788
93,1798
94,1802
95,1814
96,1870
97,1846
98,1884
99,1876
100,1872
101,1894
102,1904
103,1894
104,1888
105,1890
106,1846
107,1884
108,1794
109,1866
110,1840
111,1886
112,1906
113,1882
114,1904
115,1862
116,1862
117,1850
118,1852
119,1882
120,1876
121,1894
122,1878
123,1840
124,1832
125,1826
126,1828
127,1858
128,1868
129,1882
130,1876
131,1882
132,1866
133,1842
134,1828
135,1832
136,1840
137,1866
138,1876
139,1888
140,1894
141,1882
142,1884
143,1884
144,1882
145,1876
146,1892
147,1876
148,1876
149,1876
150,1860
151,1884
152,1902
153,1898
154,1908
155,1878
156,1822
157,1776
158,1768
159,1772
160,1826
161,1872
162,1914
163,1930
164,1938
165,1912
166,1904
167,1864
168,1890
169,1864
170,1864
171,1872
172,1852
173,1846
174,1844
175,1828
176,1828
177,1836
178,1852
179,1860
180,1864
181,1856
182,1864
183,1874
184,1882
185,1880
186,1870
187,1864
188,1878
189,1854
190,1882
191,1876
192,1882
193,1892
194,1874
195,1908
196,1876
197,1920
198,1934
199,1956
200,1968
201,1980
202,1948
203,1934
204,1886
205,1880
206,1860
207,1870
208,1876
209,1882
210,1872
211,1870
212,1872
213,1878
214,1880
215,1876
216,1830
217,1826
218,1804
219,1788
220,1824
221,1860
222,1884
223,1908
224,1910
225,1924
226,1956
227,1966
228,2036
229,2010
230,2022
231,1962
232,1906
233,1870
234,1858
235,1872
236,1888
237,1892
238,1894
239,1872
240,1874
241,1872
242,1882
243,1878
244,1888
245,1874
246,1860
247,1856
248,1856
249,1848
250,1856
251,1846
252,1888
253,1866
254,1890
255,1896
0,1884
1,1892
2,1870
3,1860
4,1870
5,1844
6,1854
7,1892
8,1882
9,1886
10,1878
11,1836
12,1844
13,1836
14,1846
15,1870
16,1876
17,1910
18,1928
19,1950
20,1926
21,1928
22,1932
23,1916
24,1900
25,1904
26,1872
27,1878
28,1850
29,1832
30,1818
31,1816
32,1824
33,1844
34,1812
35,1818
36,1782
37,1768
38,1774
39,1786
40,1800
41,1854
42,1848
43,1872
44,1872
45,1874
46,1842
47,1854
48,1852
49,1878
50,1886
51,1884
52,1892
53,1878
54,1860
55,1874
56,1868
57,1922
58,1912
59,1924
60,1898
61,1886
62,1840
63,1836
64,1830
65,1886
66,1894
67,1906
68,1888
69,1862
70,1866
71,1810
72,1796
73,1784
74,1804
75,1764
76,1760
77,1796
78,1802
79,1798
80,1848
81,1830
82,1804
83,1792
84,1762
85,1774
86,1786
87,1830
88,1866
89,1916
90,1928
91,1928
92,1926
93,1910
94,1878
95,1858
96,1872
97,1882
98,1852
99,1888
100,1890
101,1884
102,1900
103,1920
104,1918
105,1924
106,1942
107,1962
108,1962
109,1904
110,1874
111,1812
112,1790
113,1786
114,1780
115,1824
116,1836
117,1858
118,1868
119,1862
120,1864
121,1858
122,1856
123,1842
124,1838
125,1816
126,1828
127,1852
128,1878
129,1868
130,1912
131,1896
132,1878
133,1900
134,1876
135,1888
136,1868
137,1854
138,1852
139,1826
140,1840
141,1846
142,1814
143,1816
144,1806
145,1816
146,1828
147,1854
148,1864
149,1896
150,1906
151,1858
152,1852
153,1832
154,1810
155,1802
156,1816
157,1804
158,1814
159,1842
160,1832
161,1830
162,1830
163,1858
164,1832
165,1866
166,1850
167,1856
168,1886
169,1876
170,1870
171,1852
172,1808
173,1812
174,1796
175,1822
176,1830
177,1864
178,1872
179,1858
180,1854
181,1850
182,1838
183,1854
184,1822
185,1822
186,1820
187,1782
188,1782
189,1766
190,1786
191,1772
192,1786
193,1790
194,1764
195,1764
196,1780
197,1808
198,1822
199,1812
200,1836
201,1816
202,1812
203,1802
204,1794
205,1788
206,1794
207,1802
208,1814
209,1814
210,1820
211,1834
212,1830
213,1844
214,1882
215,1870
216,1866
217,1866
218,1866
219,1860
220,1842
221,1806
222,1794
223,1798
224,1810
225,1832
226,1792
227,1830
228,1816
229,1804
230,1836
231,1850
232,1852
233,1868
234,1828
235,1812
236,1820
237,1784
238,1816
239,1828
240,1842
241,1870
242,1868
243,1898
244,1872
245,1894
246,1860
247,1874
248,1854
249,1894
250,1854
251,1868
252,1876
253,1854
254,1854
255,1860
0,1834
1,1866
2,1830
3,1820
4,1804
5,1788
6,1772
7,1836
8,1860
9,1934
10,1956
11,1974
12,1952
13,1910
14,1882
15,1824
16,1798
17,1786
18,1752
19,1766
20,1758
21,1762
22,1786
23,1808
24,1782
25,1804
26,1782
27,1798
28,1838
29,1842
30,1862
31,1816
32,1808
33,1808
34,1794
35,1818
36,1820
37,1850
38,1848
39,1842
40,1832
41,1822
42,1826
43,1796
44,1832
45,1818
46,1846
47,1846
48,1834
49,1846
50,1822
51,1854
52,1828
53,1830
54,1830
55,1824
56,1860
57,1880
58,1888
59,1894
60,1894
61,1882
62,1864
63,1864
64,1836
65,1850
66,1846
67,1858
68,1848
69,1830
70,1840
71,1828
72,1804
73,1798
74,1800
75,1804
76,1812
77,1824
78,1842
79,1822
80,1812
81,1792
82,1780
83,1784
84,1804
85,1794
86,1810
87,1802
88,1822
89,1830
90,1850
91,1888
92,1918
93,1928
94,1942
95,1970
96,1940
97,1914
98,1850
99,1818
100,1812
101,1792
102,1792
103,1814
104,1820
105,1842
106,1872
107,1886
108,1904
109,1926
110,1918
111,1908
112,1924
113,1874
114,1866
115,1870
116,1866
117,1882
118,1888
119,1886
120,1872
121,1848
122,1852
123,1822
124,1810
125,1812
126,1810
127,1808
128,1782
129,1776
130,1756
131,1798
132,1796
133,1830
134,1864
135,1856
136,1836
137,1836
138,1870
139,1874
140,1880
141,1888
142,1892
143,1848
144,1834
145,1828
146,1828
147,1822
148,1846
149,1868
150,1876
151,1906
152,1864
153,1880
154,1864
155,1866
156,1846
157,1832
158,1816
159,1822
160,1798
161,1792
162,1788
163,1796
164,1844
165,1880
166,1886
167,1908
168,1858
169,1798
170,1760
171,1708
172,1732
173,1796
174,1812
175,1864
176,1846
177,1854
178,1850
179,1832
180,1832
181,1838
182,1854
183,1854
184,1836
185,1824
186,1808
187,1818
188,1778
189,1794
190,1796
191,1816
192,1844
193,1842
194,1854
195,1874
196,1870
197,1860
198,1870
199,1872
200,1836
201,1836
202,1832
203,1810
204,1826
205,1820
206,1878
207,1858
208,1876
209,1870
210,1834
211,1824
212,1814
213,1826
214,1842
215,1860
216,1866
217,1880
218,1868
219,1882
220,1864
221,1856
222,1840
223,1816
224,1784
225,1784
226,1800
227,1818
228,1852
229,1870
230,1904
231,1924
232,1902
233,1912
234,1896
235,1892
236,1892
237,1894
238,1906
239,1926
240,1934
241,1928
242,1920
243,1912
244,1904
245,1864
246,1884
247,1870
248,1866
249,1858
250,1852
251,1892
252,1890
253,1932
254,1938
255,1978
0,1926
1,1952
2,1878
3,1872
4,1852
5,1900
6,1916
7,1940
8,1940
9,1930
10,1910
11,1854
12,1832
13,1790
14,1780
15,1780
16,1776
17,1796
18,1822
19,1832
20,1876
21,1862
22,1904
23,1882
24,1908
25,1906
26,1924
27,1874
28,1880
29,1854
30,1854
31,1892
32,1878
33,1890
34,1844
35,1814
36,1802
37,1798
38,1800
39,1830
40,1842
41,1842
42,1850
43,1836
44,1854
45,1836
46,1854
47,1848
48,1854
49,1848
50,1828
51,1824
52,1822
53,1844
54,1864
55,1858
56,1884
57,1834
58,1840
59,1848
60,1840
61,1864
62,1876
63,1928
64,1932
65,1954
66,1928
67,1910
68,1852
69,1832
70,1816
71,1830
72,1836
73,1874
74,1892
75,1916
76,1900
77,1914
78,1902
79,1886
80,1890
81,1876
82,1866
83,1850
84,1844
85,1830
86,1812
87,1828
88,1824
89,1820
90,1794
91,1802
92,1780
93,1808
94,1792
95,1830
96,1862
97,1854
98,1874
99,1862
100,1846
101,1860
102,1840
103,1844
104,1866
105,1878
106,1866
107,1900
108,1890
109,1906
110,1918
111,1924
112,1938
113,1946
114,1940
115,1928
116,1922
117,1910
118,1960
119,1954
120,1966
121,1978
122,1982
123,1962
124,1938
125,1932
126,1894
127,1904
128,1886
129,1922
130,1916
131,1914
132,1952
133,1922
134,1926
135,1910
136,1902
137,1904
138,1894
139,1878
140,1900
141,1890
142,1874
143,1866
144,1868
145,1870
146,1860
147,1850
148,1848
149,1862
150,1838
151,1868
152,1884
153,1898
154,1920
155,1952
156,1960
157,1962
158,1942
159,1936
160,1906
161,1942
162,1958
163,1990
164,2006
165,2004
166,1988
167,1944
168,1932
169,1906
170,1866
171,1870
172,1878
173,1864
174,1866
175,1856
176,1870
177,1864
178,1862
179,1846
180,1840
181,1836
182,1852
183,1864
184,1862
185,1874
186,1844
187,1816
188,1828
189,1844
190,1870
191,1918
192,1918
193,1948
194,1944
195,1964
196,1952
197,1946
198,1910
199,1898
200,1858
201,1874
202,1866
203,1884
204,1872
205,1894
206,1868
207,1898
208,1882
209,1904
210,1914
211,1890
212,1854
213,1842
214,1830
215,1842
216,1858
217,1878
218,1860
219,1892
220,1854
221,1848
222,1858
223,1848
224,1858
225,1842
226,1854
227,1848
228,1838
229,1858
230,1876
231,1888
232,1888
233,1864
234,1854
235,1850
236,1900
237,1896
238,1946
239,1926
240,1940
241,1940
242,1960
243,1950
244,2000
245,1952
246,1966
247,1918
248,1892
249,1902
250,1882
251,1894
252,1886
253,1832
254,1820
255,1800
0,1786
1,1824
2,1848
3,1866
4,1844
5,1840
6,1792
7,1784
8,1748
9,1760
10,1772
11,1788
12,1806
13,1820
14,1826
15,1838
16,1874
17,1872
18,1878
19,1900
20,1914
21,1924
22,1928
23,1928
24,1888
25,1872
26,1872
27,1852
28,1884
29,1898
30,1904
31,1906
32,1902
33,1888
34,1886
35,1864
36,1860
37,1848
38,1844
39,1826
40,1838
41,1834
42,1826
43,1840
44,1816
45,1840
46,1830
47,1814
48,1830
49,1834
50,1850
51,1850
52,1864
53,1868
54,1860
55,1868
56,1866
57,1846
58,1856
59,1838
60,1870
61,1840
62,1888
63,1854
64,1866
65,1856
66,1864
67,1844
68,1848
69,1832
70,1810
71,1818
72,1790
73,1774
74,1804
75,1762
76,1780
77,1770
78,1786
79,1778
80,1810
81,1826
82,1864
83,1818
84,1812
85,1784
86,1738
87,1708
88,1728
89,1692
90,1744
91,1760
92,1800
93,1798
94,1826
95,1836
96,1828
97,1824
98,1822
99,1814
100,1812
101,1806
102,1806
103,1790
104,1812
105,1800
106,1814
107,1834
108,1822
109,1874
110,1872
111,1878
112,1860
113,1826
114,1786
115,1780
116,1778
117,1812
118,1816
119,1824
120,1810
121,1836
122,1790
123,1804
124,1764
125,1766
126,1778
127,1806
128,1776
129,1822
130,1808
131,1842
132,1838
133,1848
134,1858
135,1830
136,1838
137,1850
138,1872
139,1890
140,1886
141,1918
142,1876
143,1850
144,1832
145,1782
146,1762
147,1770
148,1790
149,1816
150,1836
151,1852
152,1848
153,1872
154,1850
155,1856
156,1840
157,1846
158,1846
159,1840
160,1812
161,1814
162,1782
163,1774
164,1760
165,1746
166,1786
167,1782
168,1804
169,1798
170,1820
171,1814
172,1832
173,1832
174,1856
175,1820
176,1860
177,1804
178,1812
179,1786
180,1832
181,1846
182,1880
183,1892
184,1886
185,1898
186,1884
187,1866
188,1832
189,1806
190,1790
191,1796
192,1786
193,1814
194,1828
195,1842
196,1858
197,1836
198,1866
199,1836
200,1828
201,1822
202,1822
203,1802
204,1840
205,1826
206,1830
207,1844
208,1856
209,1862
210,1896
211,1874
212,1872
213,1828
214,1796
215,1734
216,1766
217,1742
218,1764
219,1786
220,1826
221,1840
222,1862
223,1870
224,1844
225,1852
226,1822
227,1830
228,1796
229,1790
230,1798
231,1800
232,1806
233,1804
234,1804
235,1800
236,1798
237,1778
238,1778
239,1802
240,1822
241,1860
242,1824
243,1830
244,1798
245,1818
246,1818
247,1860
248,1892
249,1900
250,1936
251,1932
252,1922
253,1916
254,1898
255,1872
0,1874
1,1912
2,1890
3,1904
4,1908
5,1908
6,1916
7,1900
8,1914
9,1902
10,1932
11,1934
12,1948
13,1944
14,1940
15,1884
16,1872
17,1862
18,1840
19,1850
20,1852
21,1834
22,1838
23,1840
24,1836
25,1848
26,1906
27,1896
28,1926
29,1926
30,1934
31,1930
32,1932
33,1936
34,1910
35,1924
36,1936
37,1974
38,1968
39,2002
40,1988
41,1988
42,1964
43,1936
44,1920
45,1884
46,1882
47,1884
48,1892
49,1886
50,1900
51,1924
52,1934
53,1888
54,1898
55,1872
56,1888
57,1896
58,1908
59,1884
60,1884
61,1860
62,1864
63,1834
64,1832
65,1836
66,1838
67,1848
68,1852
69,1876
70,1862
71,1906
72,1928
73,1960
74,1972
75,1968
76,1970
77,1970
78,1984
79,1978
80,1950
81,1938
82,1928
83,1914
84,1914
85,1918
86,1928
87,1904
88,1890
89,1864
90,1866
91,1860
92,1902
93,1894
94,1926
95,1932
96,1936
97,1952
98,1940
99,1914
100,1900
101,1894
102,1874
103,1890
104,1916
105,1930
106,1948
107,1956
108,1924
109,1918
110,1888
111,1876
112,1876
113,1874
114,1902
115,1866
116,1908
117,1890
118,1916
119,1912
120,1926
121,1908
122,1928
123,1898
124,1902
125,1880
126,1876
127,1878
128,1884
129,1860
130,1854
131,1842
132,1844
133,1818
134,1824
135,1812
136,1840
137,1872
138,1860
139,1914
140,1916
141,1936
142,1920
143,1918
144,1906
145,1902
146,1920
147,1910
148,1940
149,1940
150,1938
151,1932
152,1908
153,1900
154,1880
155,1882
156,1880
157,1886
158,1892
159,1930
160,1938
161,1918
162,1910
163,1864
164,1838
165,1836
166,1784
167,1836
168,1848
169,1914
170,1962
171,1958
172,1952
173,1908
174,1898
175,1850
176,1860
177,1856
178,1876
179,1874
180,1898
181,1876
182,1856
183,1846
184,1784
185,1794
186,1788
187,1836
188,1850
189,1892
190,1884
191,1906
192,1880
193,1890
194,1860
195,1856
196,1872
197,1842
198,1864
199,1838
200,1830
201,1812
202,1790
203,1816
204,1832
205,1880
206,1898
207,1920
208,1914
209,1910
210,1878
211,1874
212,1848
213,1846
214,1820
215,1810
216,1824
217,1830
218,1878
219,1894
220,1926
221,1946
222,1962
223,1976
224,1922
225,1884
226,1842
227,1792
228,1764
229,1766
230,1762
231,1778
232,1812
233,1846
234,1868
235,1888
236,1924
237,1894
238,1904
239,1896
240,1878
241,1858
242,1876
243,1870
244,1920
245,1902
246,1902
247,1920
248,1916
249,1954
250,1952
251,1954
252,1962
253,1936
254,1908
255,1886
0,1872
1,1870
2,1882
3,1866
4,1894
5,1864
6,1876
7,1870
8,1878
9,1862
10,1872
11,1872
12,1842
13,1836
14,1818
15,1822
16,1794
17,1826
18,1826
19,1834
20,1862
21,1858
22,1896
23,1872
24,1866
25,1836
26,1832
27,1828
28,1800
29,1806
30,1798
31,1808
32,1842
33,1874
34,1872
35,1920
36,1930
37,1890
38,1904
39,1882
40,1898
41,1914
42,1918
43,1918
44,1926
45,1966
46,1946
47,1934
48,1900
49,1874
50,1856
51,1838
52,1850
53,1852
54,1844
55,1856
56,1826
57,1806
58,1816
59,1794
60,1824
61,1820
62,1836
63,1808
64,1824
65,1806
66,1780
67,1784
68,1784
69,1770
70,1768
71,1764
72,1772
73,1780
74,1826
75,1852
76,1870
77,1896
78,1896
79,1896
80,1868
81,1860
82,1866
83,1878
84,1874
85,1912
86,1918
87,1890
88,1880
89,1856
90,1816
91,1824
92,1808
93,1812
94,1846
95,1814
96,1824
97,1798
98,1794
99,1800
100,1780
101,1808
102,1786
103,1838
104,1814
105,1812
106,1794
107,1808
108,1816
109,1816
110,1842
111,1834
112,1818
113,1778
114,1732
115,1708
116,1736
117,1736
118,1794
119,1840
120,1834
121,1860
122,1830
123,1812
124,1816
125,1824
126,1856
127,1892
128,1890
129,1916
130,1910
131,1890
132,1894
133,1898
134,1890
135,1866
136,1882
137,1864
138,1870
139,1882
140,1872
141,1904
142,1922
143,1944
144,1936
145,1936
146,1912
147,1888
148,1878
149,1856
150,1866
151,1838
152,1884
153,1862
154,1916
155,1912
156,1900
157,1918
158,1896
159,1932
160,1944
161,1922
162,1914
163,1896
164,1892
165,1872
166,1896
167,1906
168,1902
169,1874
170,1864
171,1850
172,1856
173,1910
174,1936
175,1950
176,1948
177,1926
178,1916
179,1864
180,1854
181,1834
182,1858
183,1860
184,1890
185,1914
186,1914
187,1912
188,1880
189,1872
190,1852
191,1802
192,1814
193,1794
194,1794
195,1812
196,1820
197,1844
198,1848
199,1836
200,1842
201,1818
202,1800
203,1814
204,1802
205,1810
206,1834
207,1850
208,1904
209,1924
210,1932
211,1900
212,1896
213,1864
214,1858
215,1880
216,1900
217,1926
218,1954
219,1960
220,1960
221,1932
222,1906
223,1854
224,1826
225,1820
226,1770
227,1814
228,1800
229,1826
230,1844
231,1844
232,1824
233,1806
234,1762
235,1770
236,1764
237,1774
238,1788
239,1794
240,1816
241,1808
242,1840
243,1810
244,1802
245,1772
246,1794
247,1754
248,1740
249,1750
250,1736
251,1736
252,1750
253,1754
254,1750
255,1790
0,1784
1,1850
2,1882
3,1912
4,1894
5,1896
6,1870
7,1832
8,1846
9,1816
10,1832
11,1822
12,1830
13,1852
14,1842
15,1842
16,1848
17,1814
18,1814
19,1826
20,1812
21,1816
22,1790
23,1794
24,1796
25,1794
26,1848
27,1832
28,1868
29,1856
30,1850
31,1828
32,1814
33,1830
34,1808
35,1834
36,1858
37,1864
38,1888
39,1894
40,1894
41,1866
42,1858
43,1866
44,1866
45,1890
46,1888
47,1902
48,1912
49,1872
50,1874
51,1832
52,1804
53,1796
54,1790
55,1802
56,1790
57,1806
58,1820
59,1816
60,1818
61,1822
62,1806
63,1816
64,1820
65,1796
66,1784
67,1780
68,1762
69,1778
70,1786
71,1798
72,1808
73,1832
74,1850
75,1850
76,1842
77,1870
78,1830
79,1828
80,1778
81,1778
82,1804
83,1828
84,1870
85,1894
86,1884
87,1864
88,1830
89,1798
90,1784
91,1788
92,1794
93,1834
94,1842
95,1874
96,1856
97,1842
98,1808
99,1794
100,1804
101,1792
102,1802
103,1768
104,1778
105,1752
106,1774
107,1814
108,1842
109,1890
110,1888
111,1888
112,1872
113,1838
114,1802
115,1780
116,1788
117,1788
118,1808
119,1838
120,1796
121,1816
122,1806
123,1826
124,1848
125,1900
126,1904
127,1868
128,1850
129,1818
130,1788
131,1780
132,1778
133,1752
134,1750
135,1712
136,1726
137,1732
138,1770
139,1768
140,1810
141,1806
142,1836
143,1818
144,1832
145,1818
146,1834
147,1826
148,1848
149,1820
150,1834
151,1822
152,1818
153,1820
154,1816
155,1824
156,1838
157,1850
158,1856
159,1842
160,1822
161,1802
162,1796
163,1826
164,1808
165,1884
166,1878
167,1880
168,1888
169,1838
170,1860
171,1858
172,1896
173,1900
174,1940
175,1926
176,1916
177,1878
178,1862
179,1854
180,1846
181,1858
182,1836
183,1878
184,1832
185,1852
186,1814
187,1780
188,1778
189,1764
190,1786
191,1794
192,1836
193,1840
194,1862
195,1854
196,1856
197,1816
198,1848
199,1838
200,1844
201,1866
202,1862
203,1878
204,1886
205,1900
206,1922
207,1912
208,1870
209,1814
210,1776
211,1730
212,1720
213,1724
214,1746
215,1780
216,1798
217,1824
218,1806
219,1828
220,1850
221,1856
222,1874
223,1848
224,1858
225,1876
226,1876
227,1888
228,1900
229,1904
230,1896
231,1848
232,1860
233,1836
234,1846
235,1810
236,1830
237,1808
238,1782
239,1794
240,1768
241,1828
242,1794
243,1848
244,1844
245,1858
246,1872
247,1886
248,1912
249,1916
250,1898
251,1890
252,1878
253,1854
254,1848
255,1820
0,1842
1,1838
2,1860
3,1886
4,1896
5,1896
6,1876
7,1866
8,1878
9,1878
10,1912
11,1922
12,1898
13,1906
14,1846
15,1860
16,1836
17,1838
18,1816
19,1824
20,1816
21,1802
22,1814
23,1856
24,1878
25,1904
26,1890
27,1896
28,1860
29,1872
30,1856
31,1834
32,1844
33,1860
34,1860
35,1854
36,1842
37,1852
38,1860
39,1874
40,1880
41,1888
42,1872
43,1854
44,1842
45,1824
46,1876
47,1880
48,1928
49,1956
50,1988
51,2000
52,2002
53,1996
54,1966
55,1938
56,1924
57,1938
58,1900
59,1894
60,1882
61,1884
62,1892
63,1922
64,1924
65,1940
66,1920
67,1890
68,1862
69,1848
70,1850
71,1856
72,1898
73,1868
74,1898
75,1898
76,1928
77,1942
78,1986
79,1978
80,1984
81,1952
82,1896
83,1868
84,1864
85,1846
86,1870
87,1900
88,1898
89,1900
90,1890
91,1870
92,1856
93,1878
94,1862
95,1872
96,1878
97,1868
98,1876
99,1878
100,1884
101,1890
102,1896
103,1882
104,1902
105,1912
106,1930
107,1932
108,1912
109,1908
110,1922
111,1930
112,1906
113,1916
114,1916
115,1906
116,1880
117,1848
118,1828
119,1832
120,1810
121,1844
122,1826
123,1824
124,1834
125,1848
126,1840
127,1868
128,1866
129,1878
130,1872
131,1872
132,1874
133,1906
134,1912
135,1922
136,1948
137,1948
138,1932
139,1942
140,1934
141,1924
142,1888
143,1892
144,1880
145,1910
146,1942
147,1934
148,1908
149,1900
150,1852
151,1860
152,1842
153,1836
154,1840
155,1846
156,1866
157,1854
158,1846
159,1848
160,1842
161,1860
162,1860
163,1842
164,1860
165,1826
166,1854
167,1842
168,1878
169,1908
170,1894
171,1942
172,1920
173,1934
174,1924
175,1922
176,1932
177,1906
178,1950
179,1940
180,1950
181,1972
182,1966
183,1966
184,1942
185,1916
186,1898
187,1904
188,1874
189,1890
190,1888
191,1880
192,1838
193,1830
194,1842
195,1834
196,1836
197,1850
198,1814
199,1832
200,1812
201,1792
202,1812
203,1798
204,1810
205,1846
206,1870
207,1866
208,1892
209,1884
210,1866
211,1880
212,1854
213,1896
214,1940
215,1976
216,1968
217,1974
218,1962
219,1932
220,1924
221,1896
222,1902
223,1910
224,1912
225,1906
226,1898
227,1914
228,1914
229,1894
230,1890
231,1850
232,1856
233,1858
234,1860
235,1866
236,1874
237,1884
238,1882
239,1852
240,1856
241,1834
242,1812
243,1822
244,1828
245,1852
246,1884
247,1892
248,1906
249,1908
250,1888
251,1864
252,1824
253,1806
254,1788
255,1770
0,1796
1,1820
2,1814
3,1842
4,1806
5,1824
6,1830
7,1852
8,1846
9,1858
10,1850
11,1846
12,1844
13,1830
14,1838
15,1850
16,1878
17,1866
18,1874
19,1842
20,1874
21,1848
22,1886
23,1848
24,1874
25,1890
26,1894
27,1902
28,1900
29,1894
30,1892
31,1888
32,1902
33,1894
34,1922
35,1902
36,1916
37,1934
38,1926
39,1932
40,1922
41,1882
42,1906
43,1894
44,1892
45,1908
46,1876
47,1898
48,1886
49,1900
50,1916
51,1906
52,1900
53,1908
54,1884
55,1880
56,1848
57,1872
58,1820
59,1872
60,1828
61,1880
62,1850
63,1858
64,1894
65,1878
66,1872
67,1896
68,1886
69,1904
70,1896
71,1912
72,1884
73,1908
74,1888
75,1904
76,1932
77,1940
78,1930
79,1906
80,1878
81,1864
82,1890
83,1890
84,1922
85,1936
86,1912
87,1914
88,1888
89,1906
90,1892
91,1912
92,1928
93,1936
94,1940
95,1962
96,1922
97,1940
98,1922
99,1914
100,1902
101,1928
102,1924
103,1906
104,1924
105,1904
106,1874
107,1866
108,1864
109,1872
110,1868
111,1874
112,1878
113,1908
114,1922
115,1950
116,1934
117,1930
118,1906
119,1866
120,1866
121,1850
122,1826
123,1856
124,1856
125,1896
126,1916
127,1950
128,1914
129,1896
130,1858
131,1850
132,1844
133,1886
134,1876
135,1942
136,1944
137,1948
138,1970
139,1934
140,1938
141,1942
142,1948
143,1960
144,1944
145,1964
146,1944
147,1932
148,1916
149,1908
150,1890
151,1888
152,1898
153,1904
154,1918
155,1910
156,1922
157,1884
158,1888
159,1876
160,1826
161,1818
162,1792
163,1778
164,1804
165,1806
166,1820
167,1862
168,1842
169,1862
170,1864
171,1850
172,1894
173,1886
174,1928
175,1934
176,1942
177,1924
178,1934
179,1900
180,1900
181,1866
182,1880
183,1884
184,1946
185,1970
186,2008
187,2014
188,1998
189,1982
190,1960
191,1944
192,1922
193,1946
194,1960
195,1962
196,1968
197,1998
198,1972
199,1970
200,1950
201,1932
202,1948
203,1904
204,1892
205,1860
206,1826
207,1810
208,1782
209,1786
210,1816
211,1866
212,1900
213,1910
214,1890
215,1894
216,1834
217,1864
218,1858
219,1874
220,1894
221,1896
222,1848
223,1858
224,1834
225,1830
226,1832
227,1866
228,1860
229,1874
230,1860
231,1854
232,1850
233,1826
234,1848
235,1864
236,1884
237,1922
238,1940
239,1986
240,1970
241,1982
242,1950
243,1936
244,1904
245,1880
246,1874
247,1866
248,1876
249,1838
250,1856
251,1876
252,1894
253,1926
254,1928
255,1948
0,1902
1,1892
2,1884
3,1852
4,1822
5,1840
6,1816
7,1826
8,1830
9,1832
10,1840
11,1840
12,1866
13,1882
14,1922
15,1894
16,1948
17,1916
18,1902
19,1890
20,1874
21,1858
22,1860
23,1870
24,1878
25,1896
26,1856
27,1856
28,1810
29,1818
30,1786
31,1826
32,1828
33,1852
34,1840
35,1848
36,1830
37,1830
38,1830
39,1826
40,1850
41,1862
42,1870
43,1878
44,1864
45,1870
46,1864
47,1878
48,1872
49,1840
50,1850
51,1836
52,1846
53,1866
54,1870
55,1890
56,1882
57,1900
58,1918
59,1886
60,1948
61,1944
62,1984
63,1976
64,1990
65,2016
66,2014
67,2002
68,1956
69,1926
70,1868
71,1806
72,1794
73,1792
74,1762
75,1748
76,1786
77,1798
78,1824
79,1872
80,1884
81,1906
82,1892
83,1876
84,1864
85,1876
86,1842
87,1882
88,1860
89,1894
90,1884
91,1936
92,1938
93,1964
94,1986
95,1996
96,1976
97,1966
98,1930
99,1926
100,1910
101,1892
102,1870
103,1870
104,1878
105,1874
106,1888
107,1890
108,1896
109,1914
110,1930
111,1934
112,1954
113,1954
114,1960
115,1902
116,1898
117,1850
118,1818
119,1810
120,1836
121,1828
122,1832
123,1820
124,1856
125,1834
126,1874
127,1868
128,1872
129,1866
130,1864
131,1876
132,1902
133,1902
134,1910
135,1884
136,1890
137,1862
138,1868
139,1896
140,1922
141,1948
142,1984
143,1982
144,1962
145,1924
146,1866
147,1884
148,1812
149,1826
150,1784
151,1766
152,1772
153,1760
154,1810
155,1818
156,1858
157,1868
158,1898
159,1878
160,1870
161,1848
162,1850
163,1848
164,1852
165,1834
166,1858
167,1856
168,1886
169,1898
170,1898
171,1904
172,1902
173,1902
174,1908
175,1908
176,1906
177,1908
178,1894
179,1904
180,1878
181,1874
182,1880
183,1866
184,1890
185,1856
186,1882
187,1868
188,1906
189,1878
190,1892
191,1890
192,1878
193,1866
194,1896
195,1882
196,1900
197,1914
198,1896
199,1848
200,1840
201,1806
202,1780
203,1772
204,1810
205,1826
206,1892
207,1906
208,1926
209,1962
210,1928
211,1974
212,1946
213,1942
214,1940
215,1978
216,1988
217,1998
218,1992
219,1990
220,1958
221,1970
222,1948
223,1958
224,1978
225,1996
226,1978
227,1952
228,1940
229,1880
230,1876
231,1842
232,1814
233,1798
234,1800
235,1810
236,1812
237,1848
238,1844
239,1852
240,1832
241,1846
242,1852
243,1858
244,1874
245,1856
246,1848
247,1816
248,1810
249,1800
250,1804
251,1828
252,1868
253,1908
254,1956
255,1966
0,1990
1,1986
2,1980
3,1920
4,1932
5,1888
6,1846
7,1818
8,1794
9,1776
10,1798
11,1818
12,1834
13,1822
14,1824
15,1810
16,1778
17,1778
18,1734
19,1728
20,1774
21,1796
22,1828
23,1848
24,1848
25,1844
26,1864
27,1858
28,1854
29,1860
30,1852
31,1868
32,1892
33,1844
34,1870
35,1838
36,1862
37,1890
38,1868
39,1852
40,1854
41,1822
42,1818
43,1822
44,1834
45,1828
46,1850
47,1846
48,1838
49,1830
50,1832
51,1838
52,1838
53,1840
54,1844
55,1818
56,1816
57,1810
58,1774
59,1772
60,1770
61,1764
62,1814
63,1824
64,1860
65,1872
66,1896
67,1886
68,1868
69,1890
70,1866
71,1848
72,1822
73,1806
74,1778
75,1794
76,1808
77,1816
78,1846
79,1852
80,1850
81,1886
82,1890
83,1902
84,1906
85,1914
86,1914
87,1880
88,1868
89,1814
90,1786
91,1796
92,1778
93,1802
94,1810
95,1816
96,1804
97,1802
98,1800
99,1798
100,1792
101,1798
102,1818
103,1858
104,1884
105,1892
106,1894
107,1862
108,1844
109,1848
110,1886
111,1938
112,1950
113,1964
114,1948
115,1932
116,1898
117,1896
118,1892
119,1882
120,1870
121,1828
122,1812
123,1800
124,1810
125,1822
126,1846
127,1862
128,1878
129,1870
130,1876
131,1854
132,1804
133,1804
134,1762
135,1750
136,1778
137,1772
138,1792
139,1798
140,1790
141,1780
142,1770
143,1770
144,1764
145,1782
146,1774
147,1790
148,1776
149,1782
150,1794
151,1822
152,1818
153,1822
154,1804
155,1758
156,1736
157,1744
158,1758
159,1806
160,1816
161,1842
162,1848
163,1848
164,1846
165,1878
166,1848
167,1854
168,1840
169,1796
170,1764
171,1778
172,1754
173,1774
174,1792
175,1814
176,1814
177,1830
178,1794
179,1826
180,1810
181,1802
182,1806
183,1812
184,1838
185,1864
186,1854
187,1868
188,1836
189,1830
190,1844
191,1812
192,1834
193,1840
194,1808
195,1832
196,1804
197,1828
198,1830
199,1866
200,1858
201,1856
202,1870
203,1880
204,1874
205,1856
206,1862
207,1828
208,1836
209,1816
210,1780
211,1788
212,1804
213,1850
214,1848
215,1888
216,1872
217,1892
218,1848
219,1848
220,1836
221,1822
222,1816
223,1806
224,1822
225,1810
226,1844
227,1842
228,1864
229,1836
230,1854
231,1818
232,1826
233,1822
234,1842
235,1822
236,1840
237,1844
238,1864
239,1898
240,1908
241,1948
242,1954
243,1948
244,1948
245,1906
246,1898
247,1898
248,1896
249,1904
250,1908
251,1904
252,1882
253,1846
254,1826
255,1806
0,1798
1,1786
2,1778
3,1798
4,1808
5,1832
6,1844
7,1822
8,1830
9,1842
10,1830
11,1816
12,1822
13,1828
14,1804
15,1810
16,1834
17,1840
18,1852
19,1842
20,1832
21,1804
22,1804
23,1790
24,1794
25,1838
26,1856
27,1884
28,1882
29,1932
30,1928
31,1950
32,1944
33,1910
34,1880
35,1844
36,1810
37,1758
38,1786
39,1782
40,1800
41,1792
42,1800
43,1804
44,1804
45,1802
46,1822
47,1824
48,1786
49,1798
50,1778
51,1770
52,1790
53,1794
54,1818
55,1838
56,1816
57,1834
58,1842
59,1846
60,1868
61,1906
62,1882
63,1888
64,1878
65,1848
66,1848
67,1846
68,1878
69,1896
70,1896
71,1928
72,1936
73,1914
74,1898
75,1882
76,1866
77,1862
78,1860
79,1854
80,1862
81,1858
82,1868
83,1884
84,1888
85,1868
86,1894
87,1872
88,1902
89,1862
90,1864
91,1842
92,1858
93,1878
94,1876
95,1884
96,1892
97,1898
98,1904
99,1926
100,1922
101,1926
102,1892
103,1900
104,1890
105,1906
106,1890
107,1912
108,1910
109,1910
110,1902
111,1914
112,1922
113,1940
114,1950
115,1966
116,1946
117,1966
118,1944
119,1940
120,1932
121,1944
122,1934
123,1910
124,1884
125,1894
126,1846
127,1868
128,1858
129,1894
130,1896
131,1878
132,1888
133,1884
134,1896
135,1896
136,1892
137,1894
138,1892
139,1880
140,1888
141,1844
142,1840
143,1812
144,1824
145,1856
146,1852
147,1886
148,1930
149,1932
150,1948
151,1922
152,1918
153,1892
154,1888
155,1880
156,1840
157,1828
158,1806
159,1802
160,1796
161,1826
162,1840
163,1838
164,1890
165,1888
166,1888
167,1910
168,1876
169,1882
170,1844
171,1846
172,1854
173,1842
174,1856
175,1824
176,1832
177,1808
178,1796
179,1820
180,1852
181,1856
182,1904
183,1886
184,1874
185,1896
186,1914
187,1912
188,1930
189,1902
190,1904
191,1884
192,1874
193,1876
194,1876
195,1896
196,1930
197,1940
198,1914
199,1942
200,1908
201,1904
202,1910
203,1892
204,1894
205,1874
206,1902
207,1888
208,1898
209,1904
210,1878
211,1886
212,1890
213,1864
214,1858
215,1860
216,1838
217,1860
218,1842
219,1838
220,1820
221,1808
222,1804
223,1804
224,1804
225,1820
226,1818
227,1858
228,1830
229,1860
230,1862
231,1884
232,1894
233,1906
234,1918
235,1922
236,1926
237,1892
238,1934
239,1902
240,1904
241,1892
242,1894
243,1912
244,1910
245,1954
246,1932
247,1928
248,1914
249,1896
250,1878
251,1900
252,1912
253,1936
254,1912
255,1932
0,1902
1,1886
2,1902
3,1888
4,1914
5,1916
6,1924
7,1906
8,1910
9,1862
10,1840
11,1822
12,1836
13,1828
14,1852
15,1850
16,1882
17,1858
18,1824
19,1844
20,1812
21,1796
22,1804
23,1792
24,1772
25,1826
26,1824
27,1886
28,1910
29,1940
30,1932
31,1948
32,1918
33,1894
34,1896
35,1900
36,1868
37,1876
38,1900
39,1894
40,1892
41,1874
42,1882
43,1874
44,1864
45,1854
46,1842
47,1832
48,1822
49,1830
50,1826
51,1812
52,1820
53,1826
54,1840
55,1812
56,1802
57,1790
58,1780
59,1812
60,1828
61,1874
62,1882
63,1902
64,1884
65,1862
66,1866
67,1844
68,1830
69,1842
70,1842
71,1852
72,1876
73,1928
74,1918
75,1932
76,1914
77,1882
78,1850
79,1850
80,1818
81,1838
82,1852
83,1866
84,1866
85,1834
86,1824
87,1784
88,1776
89,1772
90,1778
91,1810
92,1828
93,1864
94,1906
95,1942
96,1986
97,1960
98,1944
99,1920
100,1862
101,1868
102,1882
103,1912
104,1928
105,1956
106,1960
107,1978
108,1984
109,1964
110,1976
111,1940
112,1960
113,1936
114,1924
115,1916
116,1890
117,1878
118,1898
119,1886
120,1854
121,1870
122,1834
123,1844
124,1848
125,1862
126,1880
127,1880
128,1868
129,1830
130,1786
131,1770
132,1736
133,1736
134,1758
135,1782
136,1840
137,1864
138,1850
139,1856
140,1862
141,1866
142,1850
143,1868
144,1830
145,1818
146,1802
147,1808
148,1800
149,1868
150,1866
151,1896
152,1922
153,1914
154,1912
155,1910
156,1886
157,1908
158,1890
159,1868
160,1852
161,1842
162,1852
163,1858
164,1870
165,1864
166,1862
167,1836
168,1798
169,1820
170,1798
171,1820
172,1824
173,1830
174,1826
175,1828
176,1838
177,1822
178,1852
179,1864
180,1880
181,1874
182,1890
183,1874
184,1880
185,1850
186,1870
187,1838
188,1834
189,1804
190,1818
191,1816
192,1820
193,1842
194,1826
195,1818
196,1792
197,1778
198,1808
199,1814
200,1826
201,1830
202,1836
203,1822
204,1826
205,1832
206,1874
207,1860
208,1892
209,1852
210,1852
211,1832
212,1822
213,1852
214,1822
215,1858
216,1880
217,1896
218,1932
219,1954
220,1920
221,1928
222,1888
223,1844
224,1882
225,1836
226,1856
227,1858
228,1830
229,1852
230,1834
231,1858
232,1848
233,1868
234,1866
235,1882
236,1872
237,1906
238,1884
239,1918
240,1900
241,1870
242,1844
243,1792
244,1796
245,1808
246,1814
247,1866
248,1890
249,1914
250,1908
251,1924
252,1868
253,1864
254,1820
255,1824
0,1800
1,1802
2,1806
3,1828
4,1850
5,1848
6,1848
7,1836
8,1856
9,1848
10,1838
11,1818
12,1792
13,1790
14,1754
15,1788
16,1782
17,1834
18,1846
19,1856
20,1880
21,1878
22,1922
23,1886
24,1902
25,1868
26,1872
27,1844
28,1848
29,1850
30,1888
31,1916
32,1934
33,1928
34,1932
35,1900
36,1880
37,1852
38,1862
39,1838
40,1850
41,1852
42,1852
43,1812
44,1818
45,1816
46,1820
47,1850
48,1826
49,1850
50,1832
51,1804
52,1796
53,1756
54,1754
55,1762
56,1784
57,1794
58,1794
59,1826
60,1828
61,1886
62,1872
63,1896
64,1878
65,1884
66,1854
67,1836
68,1830
69,1856
70,1860
71,1876
72,1916
73,1900
74,1886
75,1872
76,1886
77,1834
78,1870
79,1854
80,1864
81,1868
82,1886
83,1892
84,1904
85,1884
86,1874
87,1872
88,1860
89,1866
90,1862
91,1828
92,1842
93,1808
94,1792
95,1790
96,1810
97,1808
98,1822
99,1834
100,1842
101,1836
102,1846
103,1848
104,1892
105,1890
106,1914
107,1904
108,1902
109,1858
110,1856
111,1872
112,1886
113,1912
114,1956
115,1954
116,1950
117,1940
118,1900
119,1896
120,1878
121,1906
122,1894
123,1916
124,1894
125,1834
126,1852
127,1824
128,1852
129,1890
130,1906
131,1926
132,1928
133,1866
134,1846
135,1814
136,1816
137,1838
138,1828
139,1856
140,1866
141,1854
142,1892
143,1868
144,1922
145,1920
146,1966
147,1990
148,1962
149,1938
150,1896
151,1852
152,1850
153,1812
154,1840
155,1814
156,1828
157,1800
158,1844
159,1852
160,1856
161,1868
162,1848
163,1810
164,1796
165,1754
166,1798
167,1798
168,1816
169,1852
170,1848
171,1890
172,1836
173,1830
174,1820
175,1802
176,1782
177,1790
178,1806
179,1840
180,1836
181,1868
182,1886
183,1888
184,1934
185,1934
186,1952
187,1936
188,1932
189,1908
190,1886
191,1850
192,1844
193,1806
194,1820
195,1812
196,1818
197,1836
198,1868
199,1856
200,1864
201,1858
202,1866
203,1836
204,1832
205,1838
206,1842
207,1862
208,1862
209,1874
210,1872
211,1882
212,1872
213,1866
214,1854
215,1812
216,1816
217,1786
218,1816
219,1824
220,1842
221,1842
222,1846
223,1810
224,1816
225,1808
226,1804
227,1818
228,1820
229,1828
230,1816
231,1826
232,1808
233,1778
234,1796
235,1816
236,1820
237,1864
238,1858
239,1880
240,1874
241,1882
242,1864
243,1894
244,1916
245,1906
246,1908
247,1910
248,1898
249,1864
250,1868
251,1832
252,1866
253,1884
254,1894
255,1940
0,1928
1,1888
2,1892
3,1848
4,1854
5,1866
6,1876
7,1896
8,1908
9,1900
10,1890
11,1894
12,1864
13,1844
14,1822
15,1822
16,1792
17,1804
18,1770
19,1796
20,1772
21,1798
22,1780
23,1800
24,1810
25,1830
26,1788
27,1834
28,1784
29,1824
30,1836
31,1850
32,1886
33,1878
34,1916
35,1910
36,1912
37,1932
38,1902
39,1898
40,1856
41,1848
42,1818
43,1804
44,1792
45,1804
46,1794
47,1806
48,1806
49,1830
50,1828
51,1842
52,1868
53,1842
54,1858
55,1818
56,1820
57,1810
58,1808
59,1790
60,1800
61,1784
62,1772
63,1758
64,1792
65,1792
66,1828
67,1870
68,1884
69,1880
70,1844
71,1842
72,1830
73,1842
74,1848
75,1848
76,1870
77,1858
78,1858
79,1846
80,1866
81,1858
82,1852
83,1856
84,1866
85,1872
86,1878
87,1872
88,1884
89,1890
90,1908
91,1904
92,1870
93,1862
94,1870
95,1850
96,1854
97,1870
98,1854
99,1846
100,1860
101,1828
102,1858
103,1840
104,1848
105,1870
106,1908
107,1882
108,1914
109,1884
110,1900
111,1844
112,1814
113,1818
114,1798
115,1804
116,1806
117,1844
118,1824
119,1852
120,1842
121,1878
122,1870
123,1886
124,1854
125,1860
126,1858
127,1884
128,1876
129,1900
130,1894
131,1896
132,1880
133,1880
134,1882
135,1880
136,1876
137,1856
138,1862
139,1838
140,1826
141,1828
142,1790
143,1796
144,1794
145,1790
146,1820
147,1832
148,1848
149,1844
150,1886
151,1872
152,1876
153,1864
154,1848
155,1854
156,1840
157,1830
158,1842
159,1864
160,1882
161,1918
162,1924
163,1944
164,1942
165,1932
166,1934
167,1878
168,1864
169,1860
170,1838
171,1824
172,1814
173,1808
174,1832
175,1848
176,1870
177,1890
178,1858
179,1868
180,1848
181,1810
182,1812
183,1802
184,1792
185,1816
186,1818
187,1824
188,1840
189,1824
190,1810
191,1826
192,1774
193,1776
194,1724
195,1740
196,1750
197,1760
198,1794
199,1812
200,1768
201,1814
202,1772
203,1802
204,1826
205,1842
206,1858
207,1860
208,1848
209,1824
210,1842
211,1840
212,1854
213,1868
214,1870
215,1858
216,1838
217,1818
218,1778
219,1748
220,1772
221,1748
222,1814
223,1834
224,1826
225,1848
226,1802
227,1784
228,1744
229,1730
230,1706
231,1732
232,1708
233,1710
234,1688
235,1694
236,1696
237,1728
238,1746
239,1766
240,1766
241,1792
242,1812
243,1818
244,1840
245,1844
246,1890
247,1896
248,1854
249,1858
250,1822
251,1834
252,1844
253,1868
254,1862
255,1840
0,1876
1,1894
2,1924
3,1914
4,1916
5,1914
6,1906
7,1904
8,1872
9,1844
10,1842
11,1850
12,1856
13,1890
14,1892
15,1860
16,1864
17,1850
18,1840
19,1830
20,1806
21,1802
22,1812
23,1822
24,1834
25,1856
26,1848
27,1884
28,1858
29,1860
30,1828
31,1842
32,1812
33,1812
34,1814
35,1796
36,1834
37,1828
38,1844
39,1844
40,1820
41,1834
42,1836
43,1836
44,1810
45,1804
46,1782
47,1810
48,1806
49,1818
50,1846
51,1830
52,1814
53,1816
54,1840
55,1826
56,1844
57,1864
58,1850
59,1866
60,1838
61,1850
62,1832
63,1852
64,1836
65,1842
66,1848
67,1864
68,1872
69,1884
70,1902
71,1924
72,1942
73,1938
74,1936
75,1882
76,1876
77,1830
78,1852
79,1830
80,1882
81,1858
82,1896
83,1888
84,1896
85,1848
86,1862
87,1848
88,1824
89,1862
90,1844
91,1848
92,1868
93,1872
94,1904
95,1880
96,1858
97,1836
98,1834
99,1816
100,1848
101,1850
102,1876
103,1890
104,1872
105,1864
106,1840
107,1838
108,1814
109,1832
110,1830
111,1848
112,1814
113,1852
114,1822
115,1868
116,1854
117,1866
118,1850
119,1864
120,1880
121,1892
122,1922
123,1928
124,1944
125,1926
126,1968
127,1924
128,1940
129,1892
130,1914
131,1910
132,1908
133,1942
134,1970
135,2014
136,2002
137,1992
138,1938
139,1920
140,1890
141,1920
142,1892
143,1930
144,1920
145,1946
146,1948
147,1958
148,1950
149,1948
150,1924
151,1916
152,1898
153,1882
154,1894
155,1890
156,1926
157,1940
158,1952
159,1932
160,1934
161,1914
162,1878
163,1872
164,1854
165,1852
166,1896
167,1892
168,1934
169,1930
170,1920
171,1910
172,1902
173,1882
174,1894
175,1914
176,1948
177,1932
178,1928
179,1932
180,1908
181,1904
182,1902
183,1870
184,1852
185,1850
186,1820
187,1818
188,1822
189,1852
190,1860
191,1880
192,1918
193,1896
194,1900
195,1906
196,1880
197,1864
198,1868
199,1866
200,1898
201,1878
202,1888
203,1860
204,1856
205,1848
206,1850
207,1846
208,1840
209,1866
210,1868
211,1864
212,1876
213,1886
214,1892
215,1892
216,1910
217,1884
218,1908
219,1904
220,1922
221,1924
222,1910
223,1884
224,1870
225,1878
226,1880
227,1876
228,1894
229,1880
230,1858
231,1864
232,1862
233,1876
234,1914
235,1934
236,1952
237,1934
238,1946
239,1890
240,1880
241,1846
242,1860
243,1876
244,1918
245,1948
246,1952
247,1940
248,1916
249,1910
250,1902
251,1876
252,1894
253,1884
254,1908
255,1902
0,1940
1,1916
2,1894
3,1882
4,1880
5,1866
6,1874
7,1872
8,1888
9,1884
10,1888
11,1870
12,1924
13,1868
14,1888
15,1880
16,1884
17,1876
18,1872
19,1874
20,1888
21,1916
22,1920
23,1930
24,1926
25,1922
26,1902
27,1936
28,1902
29,1880
30,1898
31,1898
32,1884
33,1876
34,1878
35,1858
36,1854
37,1870
38,1836
39,1862
40,1870
41,1898
42,1918
43,1934
44,1936
45,1936
46,1926
47,1914
48,1880
49,1884
50,1860
51,1850
52,1856
53,1868
54,1836
55,1856
56,1878
57,1880
58,1886
59,1914
60,1892
61,1920
62,1886
63,1886
64,1848
65,1830
66,1842
67,1816
68,1840
69,1854
70,1876
71,1882
72,1920
73,1872
74,1892
75,1876
76,1860
77,1864
78,1856
79,1870
80,1870
81,1900
82,1906
83,1884
84,1906
85,1898
86,1904
87,1926
88,1924
89,1898
90,1882
91,1842
92,1852
93,1818
94,1858
95,1846
96,1856
97,1868
98,1806
99,1818
100,1784
101,1790
102,1776
103,1784
104,1768
105,1768
106,1784
107,1800
108,1836
109,1844
110,1858
111,1866
112,1846
113,1848
114,1822
115,1826
116,1812
117,1858
118,1830
119,1846
120,1830
121,1836
122,1830
123,1844
124,1860
125,1882
126,1884
127,1904
128,1938
129,1914
130,1912
131,1890
132,1848
133,1872
134,1862
135,1890
136,1878
137,1872
138,1884
139,1852
140,1844
141,1816
142,1814
143,1840
144,1850
145,1856
146,1850
147,1870
148,1854
149,1866
150,1850
151,1814
152,1780
153,1802
154,1798
155,1814
156,1844
157,1858
158,1882
159,1860
160,1860
161,1838
162,1850
163,1852
164,1834
165,1818
166,1840
167,1812
168,1812
169,1830
170,1810
171,1816
172,1814
173,1830
174,1848
175,1882
176,1904
177,1920
178,1918
179,1914
180,1904
181,1876
182,1884
183,1878
184,1888
185,1886
186,1902
187,1898
188,1926
189,1942
190,1938
191,1940
192,1918
193,1914
194,1860
195,1846
196,1828
197,1824
198,1874
199,1890
200,1910
201,1920
202,1896
203,1880
204,1846
205,1868
206,1850
207,1856
208,1870
209,1882
210,1882
211,1868
212,1864
213,1852
214,1876
215,1892
216,1902
217,1912
218,1884
219,1900
220,1864
221,1870
222,1878
223,1872
224,1868
225,1880
226,1860
227,1834
228,1810
229,1820
230,1814
231,1798
232,1824
233,1802
234,1822
235,1798
236,1830
237,1808
238,1798
239,1792
240,1822
241,1836
242,1850
243,1860
244,1872
245,1870
246,1860
247,1864
248,1846
249,1868
250,1892
251,1892
252,1924
253,1886
254,1874
255,1850
0,1858
1,1884
2,1892
3,1922
4,1906
5,1896
6,1884
7,1860
8,1870
9,1864
10,1860
11,1870
12,1840
13,1852
14,1832
15,1818
16,1800
17,1786
18,1802
19,1784
20,1812
21,1818
22,1832
23,1844
24,1846
25,1852
26,1838
27,1832
28,1828
29,1798
30,1788
31,1828
32,1830
33,1874
34,1888
35,1898
36,1906
37,1866
38,1826
39,1824
40,1822
41,1794
42,1810
43,1816
44,1818
45,1862
46,1882
47,1892
48,1892
49,1896
50,1840
51,1832
52,1790
53,1754
54,1756
55,1754
56,1724
57,1744
58,1730
59,1780
60,1788
61,1832
62,1854
63,1880
64,1902
65,1898
66,1896
67,1894
68,1874
69,1830
70,1828
71,1814
72,1824
73,1838
74,1846
75,1836
76,1798
77,1810
78,1806
79,1804
80,1828
81,1804
82,1832
83,1804
84,1802
85,1798
86,1820
87,1826
88,1826
89,1806
90,1834
91,1812
92,1812
93,1814
94,1800
95,1800
96,1820
97,1822
98,1820
99,1818
100,1780
101,1774
102,1774
103,1748
104,1740
105,1728
106,1766
107,1742
108,1756
109,1770
110,1776
111,1798
112,1794
113,1842
114,1802
115,1794
116,1766
117,1780
118,1764
119,1776
120,1752
121,1802
122,1822
123,1846
124,1916
125,1924
126,1906
127,1892
128,1852
129,1832
130,1814
131,1818
132,1812
133,1820
134,1798
135,1808
136,1806
137,1808
138,1796
139,1830
140,1810
141,1820
142,1828
143,1854
144,1842
145,1880
146,1914
147,1912
148,1936
149,1916
150,1918
151,1894
152,1876
153,1870
154,1854
155,1830
156,1794
157,1792
158,1778
159,1786
160,1766
161,1788
162,1782
163,1790
164,1856
165,1860
166,1892
167,1908
168,1928
169,1910
170,1930
171,1930
172,1960
173,1938
174,1934
175,1952
176,1972
177,1980
178,2014
179,1978
180,1984
181,1954
182,1952
183,1940
184,1882
185,1876
186,1828
187,1842
188,1824
189,1824
190,1824
191,1842
192,1848
193,1888
194,1876
195,1894
196,1846
197,1838
198,1810
199,1820
200,1828
201,1808
202,1820
203,1810
204,1832
205,1790
206,1802
207,1802
208,1806
209,1804
210,1822
211,1832
212,1882
213,1876
214,1872
215,1840
216,1854
217,1844
218,1852
219,1870
220,1900
221,1922
222,1938
223,1934
224,1900
225,1876
226,1850
227,1848
228,1850
229,1826
230,1810
231,1806
232,1796
233,1792
234,1810
235,1804
236,1808
237,1810
238,1820
239,1796
240,1822
241,1788
242,1806
243,1774
244,1808
245,1846
246,1860
247,1874
248,1900
249,1872
250,1884
251,1852
252,1836
253,1814
254,1780
255,1790
0,1802
1,1798
2,1804
3,1828
4,1854
5,1864
6,1902
7,1858
8,1904
9,1876
10,1902
11,1896
12,1926
13,1910
14,1916
15,1902
16,1862
17,1862
18,1840
19,1840
20,1826
21,1872
22,1874
23,1892
24,1926
25,1922
26,1890
27,1884
28,1838
29,1828
30,1818
31,1820
32,1858
33,1872
34,1912
35,1944
36,1934
37,1952
38,1934
39,1932
40,1932
41,1928
42,1904
43,1906
44,1892
45,1880
46,1870
47,1858
48,1854
49,1860
50,1894
51,1894
52,1912
53,1924
54,1906
55,1884
56,1878
57,1868
58,1882
59,1912
60,1910
61,1914
62,1916
63,1890
64,1892
65,1848
66,1876
67,1870
68,1904
69,1912
70,1876
71,1850
72,1824
73,1804
74,1792
75,1798
76,1814
77,1838
78,1856
79,1868
80,1890
81,1900
82,1890
83,1908
84,1900
85,1920
86,1914
87,1914
88,1872
89,1906
90,1874
91,1888
92,1894
93,1894
94,1894
95,1846
96,1830
97,1792
98,1786
99,1794
100,1828
101,1858
102,1916
103,1916
104,1924
105,1886
106,1868
107,1826
108,1846
109,1858
110,1862
111,1860
112,1830
113,1822
114,1836
115,1830
116,1862
117,1844
118,1872
119,1836
120,1856
121,1820
122,1806
123,1798
124,1794
125,1788
126,1790
127,1764
128,1796
129,1782
130,1806
131,1830
132,1888
133,1912
134,1926
135,1946
136,1932
137,1944
138,1952
139,1992
140,1974
141,2010
142,1942
143,1966
144,1924
145,1904
146,1930
147,1898
148,1862
149,1832
150,1820
151,1806
152,1830
153,1842
154,1848
155,1864
156,1866
157,1898
158,1898
159,1886
160,1908
161,1922
162,1932
163,1900
164,1916
165,1854
166,1834
167,1832
168,1818
169,1824
170,1814
171,1802
172,1802
173,1798
174,1778
175,1790
176,1814
177,1800
178,1804
179,1838
180,1812
181,1836
182,1842
183,1854
184,1862
185,1902
186,1898
187,1932
188,1900
189,1884
190,1894
191,1876
192,1880
193,1858
194,1870
195,1852
196,1850
197,1840
198,1838
199,1824
200,1866
201,1856
202,1908
203,1910
204,1894
205,1876
206,1854
207,1836
208,1828
209,1816
210,1796
211,1792
212,1802
213,1788
214,1826
215,1846
216,1844
217,1838
218,1864
219,1844
220,1852
221,1824
222,1814
223,1796
224,1790
225,1788
226,1794
227,1788
228,1826
229,1880
230,1908
231,1962
232,1958
233,1960
234,1942
235,1926
236,1894
237,1868
238,1860
239,1838
240,1816
241,1792
242,1792
243,1778
244,1796
245,1832
246,1844
247,1886
248,1882
249,1900
250,1882
251,1866
252,1834
253,1850
254,1876
255,1886
0,1912
1,1902
2,1872
3,1914
4,1918
5,1930
6,1932
7,1904
8,1852
9,1858
10,1814
11,1810
12,1786
13,1826
14,1808
15,1820
16,1828
17,1804
18,1814
19,1806
20,1838
21,1832
22,1870
23,1864
24,1912
25,1872
26,1896
27,1866
28,1866
29,1842
30,1876
31,1848
32,1866
33,1870
34,1854
35,1844
36,1842
37,1834
38,1854
39,1850
40,1870
41,1874
42,1858
43,1858
44,1846
45,1860
46,1852
47,1858
48,1864
49,1884
50,1882
51,1892
52,1896
53,1930
54,1934
55,1946
56,1922
57,1914
58,1910
59,1886
60,1886
61,1858
62,1840
63,1818
64,1854
65,1870
66,1874
67,1908
68,1860
69,1890
70,1874
71,1876
72,1840
73,1844
74,1854
75,1808
76,1832
77,1808
78,1858
79,1874
80,1886
81,1880
82,1878
83,1836
84,1808
85,1792
86,1776
87,1808
88,1782
89,1800
90,1810
91,1822
92,1820
93,1824
94,1846
95,1838
96,1856
97,1878
98,1890
99,1932
100,1954
101,1978
102,1974
103,1958
104,1926
105,1908
106,1898
107,1896
108,1890
109,1860
110,1856
111,1864
112,1828
113,1852
114,1846
115,1824
116,1808
117,1820
118,1810
119,1818
120,1838
121,1832
122,1848
123,1848
124,1856
125,1840
126,1840
127,1852
128,1852
129,1866
130,1840
131,1866
132,1862
133,1874
134,1890
135,1880
136,1900
137,1840
138,1860
139,1866
140,1854
141,1892
142,1898
143,1894
144,1890
145,1878
146,1878
147,1850
148,1832
149,1864
150,1838
151,1866
152,1862
153,1880
154,1872
155,1876
156,1910
157,1906
158,1930
159,1936
160,1960
161,1906
162,1908
163,1870
164,1840
165,1806
166,1790
167,1760
168,1788
169,1782
170,1804
171,1854
172,1872
173,1896
174,1870
175,1910
176,1872
177,1904
178,1876
179,1880
180,1866
181,1878
182,1854
183,1878
184,1886
185,1916
186,1914
187,1904
188,1886
189,1894
190,1892
191,1888
192,1892
193,1878
194,1866
195,1860
196,1870
197,1880
198,1894
199,1914
200,1914
201,1932
202,1908
203,1910
204,1888
205,1868
206,1868
207,1838
208,1870
209,1828
210,1840
211,1836
212,1818
213,1848
214,1906
215,1918
216,1936
217,1932
218,1934
219,1938
220,1924
221,1928
222,1928
223,1916
224,1898
225,1898
226,1842
227,1842
228,1832
229,1836
230,1834
231,1862
232,1832
233,1854
234,1880
235,1886
236,1908
237,1912
238,1878
239,1890
240,1874
241,1886
242,1880
243,1898
244,1920
245,1898
246,1900
247,1866
248,1834
249,1800
250,1806
251,1828
252,1850
253,1890
254,1934
255,1928
0,1958
1,1944
2,1922
3,1912
4,1866
5,1864
6,1840
7,1838
8,1820
9,1860
10,1868
11,1880
12,1894
13,1914
14,1888
15,1904
16,1900
17,1892
18,1898
19,1898
20,1894
21,1884
22,1876
23,1856
24,1866
25,1864
26,1854
27,1866
28,1848
29,1862
30,1846
31,1826
32,1844
33,1826
34,1806
35,1810
36,1822
37,1840
38,1896
39,1916
40,1974
41,1984
42,1994
43,1976
44,1970
45,1944
46,1952
47,1932
48,1934
49,1916
50,1874
51,1836
52,1834
53,1812
54,1828
55,1854
56,1842
57,1862
58,1834
59,1838
60,1842
61,1854
62,1902
63,1906
64,1918
65,1910
66,1908
67,1904
68,1896
69,1898
70,1890
71,1862
72,1882
73,1840
74,1842
75,1816
76,1830
77,1860
78,1894
79,1942
80,1946
81,1954
82,1910
83,1896
84,1850
85,1844
86,1842
87,1866
88,1882
89,1898
90,1898
91,1910
92,1934
93,1938
94,1930
95,1944
96,1918
97,1930
98,1884
99,1866
100,1834
101,1812
102,1814
103,1800
104,1806
105,1830
106,1846
107,1850
108,1884
109,1896
110,1880
111,1888
112,1876
113,1842
114,1856
115,1860
116,1866
117,1868
118,1844
119,1806
120,1796
121,1796
122,1816
123,1806
124,1848
125,1830
126,1828
127,1810
128,1814
129,1796
130,1790
131,1794
132,1800
133,1810
134,1824
135,1850
136,1892
137,1916
138,1940
139,1952
140,1940
141,1910
142,1888
143,1866
144,1846
145,1854
146,1852
147,1866
148,1868
149,1888
150,1874
151,1890
152,1888
153,1886
154,1890
155,1882
156,1848
157,1866
158,1848
159,1866
160,1850
161,1874
162,1886
163,1886
164,1886
165,1866
166,1858
167,1848
168,1814
169,1806
170,1800
171,1822
172,1858
173,1858
174,1896
175,1898
176,1894
177,1902
178,1888
179,1848
180,1864
181,1858
182,1864
183,1892
184,1892
185,1904
186,1898
187,1914
188,1914
189,1918
190,1924
191,1956
192,1970
193,1980
194,1974
195,1938
196,1908
197,1852
198,1848
199,1824
200,1854
201,1832
202,1884
203,1856
204,1908
205,1886
206,1908
207,1894
208,1872
209,1874
210,1882
211,1864
212,1888
213,1850
214,1880
215,1822
216,1868
217,1852
218,1866
219,1882
220,1886
221,1888
222,1886
223,1894
224,1888
225,1876
226,1882
227,1850
228,1848
229,1850
230,1862
231,1898
232,1952
233,1962
234,1970
235,1982
236,1958
237,1962
238,1960
239,1936
240,1932
241,1906
242,1878
243,1876
244,1842
245,1846
246,1820
247,1840
248,1842
249,1824
250,1860
251,1826
252,1814
253,1822
254,1814
255,1790
0,1800
1,1784
2,1834
3,1822
4,1844
5,1840
6,1864
7,1850
8,1874
9,1870
10,1854
11,1876
12,1844
13,1870
14,1916
15,1940
16,1962
17,1962
18,1942
19,1914
20,1858
21,1856
22,1838
23,1868
24,1874
25,1926
26,1918
27,1928
28,1922
29,1904
30,1892
31,1880
32,1886
33,1866
34,1884
35,1880
36,1870
37,1878
38,1852
39,1826
40,1800
41,1746
42,1762
43,1746
44,1768
45,1772
46,1786
47,1790
48,1836
49,1868
50,1904
51,1942
52,1958
53,1982
54,1982
55,1990
56,1966
57,1960
58,1914
59,1902
60,1902
61,1902
62,1896
63,1908
64,1898
65,1914
66,1924
67,1910
68,1918
69,1928
70,1936
71,1934
72,1944
73,1926
74,1922
75,1928
76,1898
77,1912
78,1888
79,1882
80,1842
81,1832
82,1800
83,1796
84,1788
85,1794
86,1820
87,1814
88,1798
89,1828
90,1812
91,1826
92,1838
93,1854
94,1860
95,1888
96,1914
97,1900
98,1918
99,1914
100,1930
101,1924
102,1950
103,1950
104,1952
105,1932
106,1954
107,1948
108,1962
109,1942
110,1970
111,1938
112,1934
113,1954
114,1942
115,1962
116,1916
117,1890
118,1860
119,1804
120,1822
121,1790
122,1822
123,1838
124,1820
125,1862
126,1864
127,1868
128,1870
129,1852
130,1874
131,1852
132,1864
133,1834
134,1812
135,1806
136,1774
137,1766
138,1764
139,1786
140,1790
141,1838
142,1838
143,1848
144,1818
145,1830
146,1798
147,1806
148,1792
149,1838
150,1808
151,1828
152,1840
153,1856
154,1856
155,1850
156,1836
157,1814
158,1802
159,1810
160,1808
161,1850
162,1816
163,1778
164,1774
165,1728
166,1734
167,1746
168,1730
169,1760
170,1748
171,1774
172,1774
173,1814
174,1798
175,1854
176,1840
177,1856
178,1830
179,1818
180,1820
181,1816
182,1808
183,1804
184,1790
185,1788
186,1792
187,1782
188,1820
189,1804
190,1814
191,1802
192,1824
193,1798
194,1784
195,1802
196,1806
197,1818
198,1852
199,1872
200,1878
201,1862
202,1870
203,1820
204,1846
205,1802
206,1850
207,1876
208,1870
209,1890
210,1890
211,1864
212,1878
213,1832
214,1846
215,1842
216,1828
217,1838
218,1848
219,1832
220,1846
221,1878
222,1858
223,1858
224,1866
225,1826
226,1856
227,1860
228,1876
229,1860
230,1844
231,1810
232,1808
233,1794
234,1792
235,1784
236,1788
237,1778
238,1774
239,1788
240,1782
241,1778
242,1786
243,1790
244,1780
245,1772
246,1770
247,1822
248,1832
249,1890
250,1900
251,1904
252,1870
253,1840
254,1810
255,1776
0,1798
1,1804
2,1840
3,1870
4,1892
5,1866
6,1862
7,1820
8,1806
9,1780
10,1746
11,1752
12,1750
13,1802
14,1788
15,1794
16,1786
17,1780
18,1752
19,1768
20,1766
21,1762
22,1822
23,1812
24,1818
25,1840
26,1846
27,1858
28,1868
29,1892
30,1888
31,1898
32,1890
33,1898
34,1878
35,1878
36,1874
37,1922
38,1886
39,1878
40,1862
41,1810
42,1794
43,1800
44,1802
45,1812
46,1854
47,1822
48,1810
49,1752
50,1722
51,1690
52,1710
53,1720
54,1730
55,1738
56,1752
57,1746
58,1732
59,1716
60,1688
61,1710
62,1702
63,1744
64,1728
65,1778
66,1756
67,1800
68,1804
69,1840
70,1868
71,1904
72,1916
73,1950
74,1962
75,1942
76,1928
77,1886
78,1864
79,1844
80,1848
81,1874
82,1892
83,1920
84,1942
85,1954
86,1956
87,1942
88,1914
89,1914
90,1866
91,1842
92,1834
93,1812
94,1852
95,1810
96,1820
97,1832
98,1810
99,1830
100,1796
101,1810
102,1812
103,1812
104,1812
105,1820
106,1800
107,1808
108,1812
109,1816
110,1820
111,1842
112,1864
113,1888
114,1924
115,1946
116,1996
117,1986
118,1992
119,1954
120,1958
121,1924
122,1910
123,1906
124,1888
125,1876
126,1864
127,1838
128,1846
129,1808
130,1810
131,1798
132,1800
133,1814
134,1822
135,1796
136,1836
137,1826
138,1830
139,1826
140,1836
141,1826
142,1844
143,1834
144,1840
145,1802
146,1822
147,1848
148,1864
149,1886
150,1894
151,1884
152,1876
153,1818
154,1798
155,1776
156,1786
157,1836
158,1838
159,1890
160,1894
161,1888
162,1898
163,1896
164,1876
165,1948
166,1912
167,1922
168,1946
169,1896
170,1872
171,1830
172,1810
173,1796
174,1802
175,1818
176,1832
177,1884
178,1880
179,1876
180,1858
181,1858
182,1862
183,1898
184,1918
185,1936
186,1936
187,1924
188,1902
189,1916
190,1894
191,1900
192,1882
193,1884
194,1902
195,1914
196,1946
197,1966
198,1976
199,1972
200,1976
201,1942
202,1958
203,1952
204,1932
205,1902
206,1890
207,1854
208,1870
209,1876
210,1884
211,1906
212,1890
213,1884
214,1872
215,1888
216,1876
217,1888
218,1890
219,1854
220,1856
221,1838
222,1828
223,1842
224,1838
225,1844
226,1894
227,1894
228,1940
229,1946
230,1952
231,1930
232,1922
233,1886
234,1882
235,1864
236,1888
237,1894
238,1924
239,1926
240,1944
241,1936
242,1914
243,1946
244,1924
245,1952
246,1942
247,1926
248,1934
249,1940
250,1946
251,1944
252,1934
253,1912
254,1934
255,1892
0,1940
1,1904
2,1948
3,1918
4,1928
5,1928
6,1916
7,1928
8,1922
9,1924
10,1896
11,1884
12,1872
13,1868
14,1856
15,1826
16,1834
17,1838
18,1812
19,1848
20,1836
21,1860
22,1870
23,1888
24,1888
25,1894
26,1910
27,1888
28,1910
29,1894
30,1898
31,1884
32,1886
33,1890
34,1898
35,1866
36,1874
37,1862
38,1846
39,1840
40,1870
41,1844
42,1850
43,1846
44,1856
45,1862
46,1856
47,1876
48,1882
49,1860
50,1864
51,1834
52,1838
53,1818
54,1840
55,1854
56,1868
57,1880
58,1908
59,1876
60,1890
61,1888
62,1886
63,1874
64,1890
65,1830
66,1838
67,1816
68,1818
69,1842
70,1842
71,1862
72,1848
73,1848
74,1858
75,1850
76,1848
77,1866
78,1872
79,1896
80,1886
81,1866
82,1862
83,1890
84,1860
85,1880
86,1898
87,1888
88,1900
89,1884
90,1892
91,1918
92,1924
93,1938
94,1898
95,1874
96,1844
97,1806
98,1790
99,1778
100,1788
101,1844
102,1876
103,1940
104,1928
105,1952
106,1908
107,1874
108,1844
109,1822
110,1816
111,1822
112,1846
113,1844
114,1842
115,1838
116,1866
117,1864
118,1858
119,1830
120,1806
121,1754
122,1746
123,1712
124,1708
125,1712
126,1720
127,1746
128,1772
129,1776
130,1790
131,1780
132,1762
133,1744
134,1734
135,1762
136,1744
137,1780
138,1806
139,1834
140,1890
141,1918
142,1916
143,1904
144,1882
145,1860
146,1872
147,1848
148,1890
149,1898
150,1900
151,1930
152,1914
153,1914
154,1862
155,1826
156,1838
157,1812
158,1792
159,1798
160,1786
161,1804
162,1820
163,1838
164,1874
165,1898
166,1926
167,1906
168,1876
169,1856
170,1814
171,1780
172,1746
173,1724
174,1742
175,1756
176,1762
177,1764
178,1796
179,1794
180,1810
181,1806
182,1816
183,1838
184,1828
185,1822
186,1820
187,1798
188,1814
189,1818
190,1846
191,1852
192,1844
193,1870
194,1854
195,1842
196,1820
197,1818
198,1806
199,1826
200,1828
201,1874
202,1866
203,1880
204,1880
205,1864
206,1856
207,1810
208,1810
209,1802
210,1804
211,1830
212,1838
213,1856
214,1842
215,1874
216,1848
217,1862
218,1866
219,1864
220,1864
221,1874
222,1894
223,1930
224,1974
225,1978
226,1982
227,1968
228,1954
229,1952
230,1922
231,1920
232,1898
233,1898
234,1892
235,1878
236,1844
237,1848
238,1824
239,1822
240,1768
241,1790
242,1752
243,1780
244,1750
245,1768
246,1746
247,1762
248,1800
249,1804
250,1840
251,1844
252,1866
253,1870
254,1858
255,1848
0,1838
1,1850
2,1846
3,1886
4,1838
5,1834
6,1812
7,1798
8,1788
9,1824
10,1810
11,1868
12,1880
13,1948
14,1914
15,1896
16,1860
17,1830
18,1832
19,1830
20,1860
21,1864
22,1852
23,1850
24,1838
25,1852
26,1834
27,1804
28,1824
29,1776
30,1778
31,1774
32,1780
33,1766
34,1792
35,1756
36,1760
37,1764
38,1764
39,1804
40,1816
41,1878
42,1894
43,1888
44,1954
45,1940
46,1956
47,1964
48,1974
49,1952
50,1930
51,1920
52,1938
53,1916
54,1926
55,1886
56,1848
57,1810
58,1778
59,1788
60,1790
61,1796
62,1842
63,1850
64,1900
65,1894
66,1906
67,1880
68,1882
69,1852
70,1836
71,1814
72,1826
73,1838
74,1848
75,1862
76,1878
77,1874
78,1894
79,1906
80,1916
81,1934
82,1932
83,1938
84,1908
85,1922
86,1876
87,1862
88,1844
89,1874
90,1852
91,1876
92,1866
93,1892
94,1852
95,1862
96,1816
97,1828
98,1826
99,1826
100,1808
101,1802
102,1778
103,1796
104,1814
105,1836
106,1842
107,1866
108,1882
109,1900
110,1886
111,1880
112,1894
113,1888
114,1900
115,1918
116,1922
117,1898
118,1922
119,1892
120,1914
121,1916
122,1960
123,2010
124,2044
125,2070
126,2088
127,2088
128,2060
129,2012
130,1988
131,1958
132,1942
133,1914
134,1906
135,1884
136,1866
137,1808
138,1780
139,1756
140,1766
141,1778
142,1810
143,1828
144,1816
145,1782
146,1752
147,1734
148,1714
149,1734
150,1756
151,1788
152,1816
153,1864
154,1866
155,1892
156,1908
157,1888
158,1926
159,1942
160,1952
161,1974
162,1968
163,1942
164,1956
165,1950
166,1970
167,1952
168,1974
169,1950
170,1942
171,1912
172,1876
173,1868
174,1852
175,1848
176,1848
177,1820
178,1804
179,1764
180,1764
181,1726
182,1744
183,1760
184,1760
185,1808
186,1790
187,1818
188,1814
189,1816
190,1842
191,1858
192,1902
193,1910
194,1908
195,1886
196,1858
197,1818
198,1812
199,1800
200,1832
201,1844
202,1886
203,1898
204,1890
205,1884
206,1888
207,1868
208,1890
209,1886
210,1874
211,1880
212,1864
213,1866
214,1844
215,1836
216,1832
217,1820
218,1802
219,1796
220,1770
221,1774
222,1768
223,1816
224,1810
225,1844
226,1844
227,1850
228,1862
229,1842
230,1848
231,1840
232,1844
233,1864
234,1854
235,1882
236,1872
237,1888
238,1886
239,1910
240,1914
241,1942
242,1940
243,1960
244,1970
245,1968
246,1950
247,1942
248,1892
249,1856
250,1810
251,1826
252,1804
253,1842
254,1872
255,1876
0,1848
1,1874
2,1818
3,1836
4,1822
5,1812
6,1842
7,1884
8,1882
9,1908
10,1864
11,1862
12,1872
13,1850
14,1844
15,1840
16,1826
17,1854
18,1838
19,1882
20,1860
21,1864
22,1852
23,1850
24,1832
25,1814
26,1804
27,1768
28,1816
29,1820
30,1848
31,1848
32,1864
33,1872
34,1860
35,1868
36,1890
37,1864
38,1884
39,1864
40,1862
41,1880
42,1858
43,1846
44,1838
45,1804
46,1784
47,1796
48,1782
49,1810
50,1792
51,1810
52,1812
53,1824
54,1822
55,1846
56,1844
57,1870
58,1856
59,1862
60,1844
61,1838
62,1824
63,1850
64,1836
65,1866
66,1868
67,1866
68,1856
69,1860
70,1830
71,1810
72,1774
73,1736
74,1710
75,1732
76,1722
77,1782
78,1826
79,1860
80,1890
81,1894
82,1886
83,1902
84,1882
85,1892
86,1884
87,1864
88,1830
89,1814
90,1804
91,1796
92,1794
93,1804
94,1842
95,1832
96,1830
97,1866
98,1846
99,1822
100,1834
101,1812
102,1806
103,1822
104,1828
105,1864
106,1884
107,1906
108,1902
109,1930
110,1924
111,1916
112,1918
113,1880
114,1862
115,1846
116,1866
117,1884
118,1884
119,1896
120,1890
121,1910
122,1896
123,1908
124,1894
125,1914
126,1912
127,1888
128,1892
129,1884
130,1858
131,1908
132,1904
133,1918
134,1892
135,1900
136,1876
137,1842
138,1814
139,1808
140,1796
141,1790
142,1798
143,1788
144,1790
145,1826
146,1850
147,1872
148,1862
149,1892
150,1888
151,1878
152,1910
153,1886
154,1870
155,1878
156,1862
157,1862
158,1868
159,1870
160,1862
161,1884
162,1864
163,1886
164,1900
165,1876
166,1878
167,1862
168,1826
169,1822
170,1796
171,1800
172,1784
173,1772
174,1800
175,1798
176,1846
177,1864
178,1902
179,1934
180,1918
181,1900
182,1876
183,1828
184,1800
185,1798
186,1792
187,1810
188,1770
189,1780
190,1758
191,1778
192,1784
193,1818
194,1796
195,1802
196,1794
197,1804
198,1784
199,1792
200,1758
201,1746
202,1784
203,1778
204,1790
205,1792
206,1788
207,1840
208,1844
209,1866
210,1858
211,1838
212,1796
213,1790
214,1768
215,1790
216,1818
217,1836
218,1858
219,1844
220,1820
221,1812
222,1784
223,1808
224,1820
225,1840
226,1870
227,1884
228,1914
229,1918
230,1896
231,1862
232,1856
233,1784
234,1802
235,1772
236,1772
237,1808
238,1796
239,1824
240,1822
241,1804
242,1810
243,1772
244,1784
245,1758
246,1742
247,1736
248,1752
249,1796
250,1836
251,1830
252,1818
253,1844
254,1814
255,1838
0,1836
1,1826
2,1826
3,1832
4,1832
5,1836
6,1862
7,1868
8,1898
9,1920
10,1926
11,1948
12,1924
13,1928
14,1904
15,1882
16,1844
17,1850
18,1810
19,1808
20,1782
21,1780
22,1772
23,1782
24,1838
25,1818
26,1848
27,1816
28,1818
29,1796
30,1784
31,1750
32,1766
33,1772
34,1790
35,1792
36,1788
37,1792
38,1778
39,1838
40,1848
41,1868
42,1866
43,1824
44,1848
45,1840
46,1860
47,1864
48,1902
49,1902
50,1914
51,1956
52,1928
53,1938
54,1924
55,1902
56,1908
57,1908
58,1902
59,1884
60,1870
61,1864
62,1842
63,1830
64,1794
65,1796
66,1768
67,1780
68,1754
69,1782
70,1796
71,1834
72,1846
73,1860
74,1862
75,1836
76,1830
77,1796
78,1796
79,1802
80,1814
81,1838
82,1826
83,1836
84,1826
85,1808
86,1814
87,1816
88,1810
89,1818
90,1822
91,1818
92,1844
93,1854
94,1880
95,1892
96,1900
97,1846
98,1862
99,1834
100,1840
101,1844
102,1818
103,1870
104,1860
105,1872
106,1888
107,1866
108,1872
109,1834
110,1832
111,1830
112,1854
113,1856
114,1858
115,1896
116,1906
117,1908
118,1934
119,1908
120,1900
121,1916
122,1914
123,1912
124,1886
125,1882
126,1826
127,1830
128,1826
129,1840
130,1858
131,1864
132,1892
133,1876
134,1888
135,1888
136,1912
137,1930
138,1910
139,1910
140,1882
141,1818
142,1802
143,1764
144,1792
145,1784
146,1822
147,1866
148,1890
149,1894
150,1906
151,1892
152,1878
153,1868
154,1874
155,1880
156,1904
157,1888
158,1892
159,1866
160,1858
161,1846
162,1862
163,1882
164,1886
165,1908
166,1948
167,1976
168,1966
169,1956
170,1914
171,1914
172,1886
173,1880
174,1882
175,1888
176,1890
177,1900
178,1910
179,1912
180,1902
181,1880
182,1860
183,1862
184,1854
185,1850
186,1848
187,1842
188,1854
189,1868
190,1864
191,1894
192,1898
193,1932
194,1912
195,1928
196,1918
197,1926
198,1920
199,1922
200,1934
201,1936
202,1910
203,1882
204,1888
205,1854
206,1852
207,1852
208,1844
209,1828
210,1854
211,1868
212,1902
213,1914
214,1930
215,1936
216,1908
217,1944
218,1936
219,1984
220,2004
221,2026
222,2028
223,1984
224,1956
225,1906
226,1878
227,1834
228,1844
229,1850
230,1840
231,1868
232,1872
233,1892
234,1916
235,1926
236,1934
237,1910
238,1922
239,1914
240,1914
241,1912
242,1918
243,1924
244,1948
245,1968
246,1952
247,1942
248,1934
249,1902
250,1902
251,1892
252,1914
253,1934
254,1930
255,1938
0,1930
1,1906
2,1936
3,1922
4,1936
5,1940
6,1926
7,1924
8,1936
9,1940
10,1952
11,1966
12,1938
13,1940
14,1924
15,1924
16,1936
17,1940
18,1920
19,1922
20,1880
21,1874
22,1836
23,1826
24,1816
25,1834
26,1832
27,1888
28,1868
29,1920
30,1890
31,1910
32,1888
33,1902
34,1912
35,1894
36,1920
37,1900
38,1926
39,1900
40,1924
41,1908
42,1956
43,1976
44,1982
45,1968
46,1996
47,1940
48,1942
49,1924
50,1910
51,1912
52,1874
53,1880
54,1842
55,1842
56,1844
57,1856
58,1840
59,1834
60,1828
61,1850
62,1872
63,1888
64,1890
65,1866
66,1864
67,1836
68,1826
69,1834
70,1814
71,1862
72,1838
73,1858
74,1836
75,1846
76,1858
77,1874
78,1858
79,1880
80,1868
81,1866
82,1876
83,1902
84,1918
85,1902
86,1918
87,1898
88,1942
89,1912
90,1944
91,1904
92,1924
93,1870
94,1874
95,1870
96,1852
97,1828
98,1824
99,1780
100,1790
101,1790
102,1826
103,1846
104,1850
105,1850
106,1830
107,1826
108,1818
109,1814
110,1840
111,1830
112,1840
113,1812
114,1798
115,1796
116,1800
117,1822
118,1838
119,1846
120,1856
121,1860
122,1892
123,1926
124,1978
125,1990
126,1996
127,1994
128,1952
129,1936
130,1918
131,1924
132,1914
133,1890
134,1876
135,1858
136,1852
137,1840
138,1848
139,1850
140,1826
141,1818
142,1844
143,1814
144,1816
145,1766
146,1768
147,1742
148,1766
149,1762
150,1776
151,1792
152,1794
153,1826
154,1830
155,1862
156,1882
157,1868
158,1878
159,1846
160,1832
161,1828
162,1838
163,1866
164,1872
165,1888
166,1896
167,1854
168,1846
169,1816
170,1840
171,1814
172,1862
173,1854
174,1836
175,1874
176,1858
177,1848
178,1824
179,1814
180,1810
181,1830
182,1818
183,1822
184,1840
185,1816
186,1828
187,1806
188,1802
189,1788
190,1774
191,1748
192,1770
193,1722
194,1726
195,1710
196,1728
197,1730
198,1762
199,1796
200,1844
201,1876
202,1880
203,1900
204,1926
205,1914
206,1940
207,1936
208,1922
209,1914
210,1882
211,1860
212,1828
213,1790
214,1776
215,1792
216,1786
217,1822
218,1816
219,1850
220,1800
221,1806
222,1778
223,1766
224,1786
225,1772
226,1820
227,1788
228,1784
229,1790
230,1762
231,1794
232,1818
233,1812
234,1860
235,1826
236,1846
237,1822
238,1842
239,1856
240,1852
241,1890
242,1868
243,1866
244,1836
245,1866
246,1868
247,1894
248,1880
249,1900
250,1862
251,1876
252,1844
253,1836
254,1824
255,1820
0,1802
1,1830
2,1848
3,1882
4,1892
5,1904
6,1906
7,1878
8,1872
9,1850
10,1830
11,1822
12,1842
13,1870
14,1862
15,1838
16,1840
17,1816
18,1790
19,1802
20,1784
21,1822
22,1802
23,1870
24,1866
25,1912
26,1894
27,1862
28,1862
29,1836
30,1840
31,1860
32,1848
33,1892
34,1904
35,1890
36,1904
37,1908
38,1868
39,1848
40,1828
41,1772
42,1788
43,1762
44,1780
45,1794
46,1828
47,1830
48,1844
49,1822
50,1860
51,1848
52,1884
53,1858
54,1882
55,1858
56,1846
57,1842
58,1860
59,1898
60,1906
61,1934
62,1938
63,1910
64,1896
65,1864
66,1832
67,1796
68,1742
69,1774
70,1770
71,1788
72,1794
73,1838
74,1832
75,1826
76,1842
77,1828
78,1862
79,1874
80,1872
81,1860
82,1862
83,1824
84,1794
85,1804
86,1786
87,1808
88,1840
89,1866
90,1892
91,1882
92,1834
93,1832
94,1802
95,1802
96,1816
97,1858
98,1864
99,1892
100,1898
101,1872
102,1836
103,1832
104,1824
105,1862
106,1880
107,1900
108,1882
109,1900
110,1836
111,1864
112,1842
113,1896
114,1882
115,1926
116,1914
117,1880
118,1864
119,1770
120,1778
121,1702
122,1730
123,1710
124,1750
125,1756
126,1776
127,1798
128,1784
129,1800
130,1824
131,1836
132,1840
133,1850
134,1848
135,1874
136,1894
137,1894
138,1906
139,1900
140,1888
141,1868
142,1870
143,1880
144,1882
145,1910
146,1910
147,1930
148,1912
149,1906
150,1906
151,1876
152,1872
153,1860
154,1850
155,1834
156,1822
157,1780
158,1776
159,1740
160,1744
161,1722
162,1782
163,1770
164,1812
165,1832
166,1846
167,1866
168,1866
169,1880
170,1880
171,1880
172,1888
173,1896
174,1890
175,1906
176,1904
177,1910
178,1916
179,1922
180,1926
181,1908
182,1900
183,1872
184,1858
185,1852
186,1830
187,1826
188,1810
189,1826
190,1854
191,1876
192,1902
193,1890
194,1908
195,1906
196,1906
197,1908
198,1892
199,1848
200,1824
201,1772
202,1752
203,1726
204,1732
205,1754
206,1806
207,1818
208,1854
209,1836
210,1852
211,1832
212,1854
213,1838
214,1872
215,1870
216,1872
217,1874
218,1868
219,1878
220,1878
221,1884
222,1914
223,1894
224,1904
225,1878
226,1854
227,1842
228,1828
229,1808
230,1776
231,1794
232,1752
233,1774
234,1754
235,1774
236,1808
237,1828
238,1860
239,1812
240,1794
241,1742
242,1768
243,1756
244,1778
245,1824
246,1818
247,1820
248,1834
249,1834
250,1814
251,1840
252,1812
253,1860
254,1838
255,1860
0,1856
1,1894
2,1876
3,1868
4,1856
5,1842
6,1814
7,1840
8,1844
9,1874
10,1860
11,1880
12,1886
13,1900
14,1942
15,1924
16,1944
17,1902
18,1888
19,1870
20,1844
21,1894
22,1910
23,1918
24,1924
25,1894
26,1878
27,1844
28,1844
29,1808
30,1802
31,1770
32,1750
33,1742
34,1714
35,1746
36,1758
37,1810
38,1808
39,1846
40,1890
41,1902
42,1896
43,1906
44,1858
45,1808
46,1788
47,1758
48,1780
49,1776
50,1750
51,1794
52,1762
53,1792
54,1826
55,1846
56,1860
57,1864
58,1878
59,1870
60,1880
61,1892
62,1906
63,1920
64,1896
65,1902
66,1866
67,1882
68,1908
69,1910
70,1968
71,1974
72,1952
73,1924
74,1890
75,1844
76,1822
77,1828
78,1808
79,1814
80,1828
81,1824
82,1828
83,1786
84,1776
85,1744
86,1742
87,1726
88,1760
89,1786
90,1802
91,1822
92,1804
93,1806
94,1802
95,1814
96,1844
97,1872
98,1868
99,1858
100,1832
101,1812
102,1822
103,1822
104,1830
105,1850
106,1808
107,1794
108,1788
109,1778
110,1786
111,1818
112,1824
113,1886
114,1858
115,1852
116,1862
117,1854
118,1854
119,1872
120,1862
121,1858
122,1868
123,1828
124,1808
125,1760
126,1772
127,1782
128,1780
129,1808
130,1816
131,1810
132,1830
133,1792
134,1826
135,1814
136,1816
137,1796
138,1838
139,1858
140,1890
141,1904
142,1918
143,1908
144,1906
145,1916
146,1874
147,1890
148,1886
149,1898
150,1910
151,1902
152,1908
153,1880
154,1890
155,1844
156,1850
157,1844
158,1846
159,1878
160,1872
161,1898
162,1894
163,1908
164,1898
165,1896
166,1896
167,1902
168,1882
169,1898
170,1866
171,1894
172,1866
173,1878
174,1888
175,1862
176,1888
177,1880
178,1876
179,1842
180,1848
181,1878
182,1880
183,1906
184,1916
185,1966
186,1944
187,1928
188,1936
189,1892
190,1894
191,1858
192,1858
193,1854
194,1834
195,1844
196,1844
197,1834
198,1834
199,1862
200,1866
201,1862
202,1826
203,1852
204,1838
205,1856
206,1892
207,1890
208,1896
209,1894
210,1888
211,1878
212,1890
213,1882
214,1874
215,1886
216,1876
217,1888
218,1856
219,1848
220,1862
221,1848
222,1874
223,1872
224,1854
225,1842
226,1848
227,1836
228,1854
229,1852
230,1842
231,1890
232,1906
233,1932
234,1914
235,1918
236,1912
237,1884
238,1912
239,1870
240,1874
241,1872
242,1818
243,1820
244,1806
245,1786
246,1800
247,1798
248,1844
249,1842
250,1842
251,1868
252,1848
253,1862
254,1876
255,1890
0,1842
1,1846
2,1824
3,1850
4,1856
5,1858
6,1866
7,1852
8,1854
9,1864
10,1840
11,1844
12,1832
13,1800
14,1802
15,1806
16,1798
17,1824
18,1876
19,1872
20,1874
21,1870
22,1860
23,1866
24,1852
25,1884
26,1874
27,1902
28,1884
29,1888
30,1874
31,1864
32,1858
33,1850
34,1842
35,1842
36,1894
37,1886
38,1906
39,1918
40,1928
41,1918
42,1908
43,1844
44,1832
45,1786
46,1784
47,1756
48,1778
49,1774
50,1814
51,1832
52,1856
53,1872
54,1870
55,1888
56,1912
57,1918
58,1950
59,1954
60,1940
61,1916
62,1888
63,1874
64,1858
65,1900
66,1886
67,1914
68,1886
69,1866
70,1832
71,1790
72,1812
73,1770
74,1804
75,1790
76,1802
77,1820
78,1810
79,1802
80,1800
81,1794
82,1768
83,1774
84,1760
85,1762
86,1780
87,1782
88,1802
89,1762
90,1768
91,1782
92,1806
93,1812
94,1832
95,1832
96,1870
97,1884
98,1892
99,1892
100,1876
101,1878
102,1860
103,1862
104,1882
105,1912
106,1916
107,1942
108,1924
109,1898
110,1856
111,1800
112,1760
113,1758
114,1718
115,1714
116,1722
117,1732
118,1784
119,1786
120,1800
121,1828
122,1776
123,1790
124,1746
125,1734
126,1752
127,1746
128,1780
129,1820
130,1824
131,1826
132,1838
133,1834
134,1850
135,1876
136,1900
137,1904
138,1910
139,1932
140,1932
141,1914
142,1920
143,1884
144,1864
145,1832
146,1854
147,1822
148,1846
149,1846
150,1854
151,1872
152,1862
153,1852
154,1862
155,1828
156,1820
157,1812
158,1796
159,1792
160,1794
161,1796
162,1808
163,1808
164,1782
165,1772
166,1750
167,1764
168,1816
169,1820
170,1844
171,1892
172,1874
173,1922
174,1916
175,1934
176,1926
177,1928
178,1936
179,1954
180,1934
181,1928
182,1904
183,1858
184,1888
185,1864
186,1890
187,1910
188,1908
189,1912
190,1888
191,1860
192,1860
193,1848
194,1852
195,1854
196,1884
197,1854
198,1902
199,1912
200,1912
201,1942
202,1926
203,1924
204,1900
205,1876
206,1858
207,1854
208,1848
209,1872
210,1862
211,1858
212,1854
213,1836
214,1816
215,1816
216,1838
217,1834
218,1866
219,1910
220,1906
221,1964
222,1930
223,1934
224,1874
225,1850
226,1834
227,1786
228,1810
229,1804
230,1804
231,1816
232,1808
233,1818
234,1810
235,1810
236,1808
237,1836
238,1810
239,1842
240,1812
241,1828
242,1802
243,1808
244,1782
245,1796
246,1792
247,1812
248,1874
249,1890
250,1948
251,1956
252,1960
253,1904
254,1892
255,1862
0,1854
1,1862
2,1876
3,1862
4,1898
5,1886
6,1860
7,1878
8,1880
9,1866
10,1870
11,1846
12,1846
13,1828
14,1828
15,1840
16,1842
17,1864
18,1864
19,1886
20,1890
21,1894
22,1908
23,1876
24,1900
25,1894
26,1896
27,1888
28,1896
29,1882
30,1848
31,1854
32,1872
33,1872
34,1890
35,1900
36,1906
37,1890
38,1878
39,1822
40,1836
41,1822
42,1812
43,1812
44,1826
45,1806
46,1818
47,1850
48,1852
49,1902
50,1900
51,1918
52,1910
53,1918
54,1918
55,1920
56,1924
57,1918
58,1884
59,1902
60,1878
61,1898
62,1926
63,1930
64,1940
65,1938
66,1954
67,1944
68,1944
69,1934
70,1940
71,1958
72,1940
73,1966
74,1962
75,1968
76,2006
77,1960
78,1948
79,1926
80,1858
81,1844
82,1790
83,1784
84,1758
85,1762
86,1788
87,1794
88,1800
89,1820
90,1832
91,1844
92,1880
93,1896
94,1924
95,1922
96,1912
97,1918
98,1900
99,1882
100,1884
101,1880
102,1928
103,1958
104,1994
105,2000
106,2042
107,2028
108,2054
109,2036
110,2048
111,2012
112,1974
113,1970
114,1902
115,1914
116,1908
117,1898
118,1924
119,1896
120,1878
121,1844
122,1806
123,1814
124,1786
125,1810
126,1800
127,1822
128,1818
129,1818
130,1808
131,1798
132,1822
133,1858
134,1878
135,1904
136,1886
137,1932
138,1922
139,1920
140,1936
141,1914
142,1892
143,1926
144,1894
145,1906
146,1888
147,1912
148,1952
149,1958
150,1966
151,1976
152,1950
153,1940
154,1928
155,1926
156,1886
157,1904
158,1866
159,1854
160,1854
161,1846
162,1858
163,1852
164,1868
165,1876
166,1866
167,1888
168,1876
169,1892
170,1890
171,1862
172,1884
173,1890
174,1878
175,1912
176,1882
177,1894
178,1866
179,1882
180,1878
181,1878
182,1904
183,1870
184,1910
185,1914
186,1924
187,1922
188,1922
189,1924
190,1922
191,1938
192,1954
193,1974
194,1978
195,1978
196,1958
197,1934
198,1894
199,1882
200,1836
201,1836
202,1832
203,1802
204,1832
205,1820
206,1856
207,1844
208,1854
209,1824
210,1810
211,1780
212,1772
213,1758
214,1820
215,1798
216,1840
217,1836
218,1834
219,1846
220,1872
221,1870
222,1886
223,1878
224,1862
225,1876
226,1864
227,1876
228,1852
229,1844
230,1816
231,1792
232,1774
233,1770
234,1784
235,1798
236,1804
237,1846
238,1854
239,1886
240,1924
241,1936
242,1948
243,1956
244,1964
245,1958
246,1968
247,1966
248,1956
249,1914
250,1894
251,1858
252,1848
253,1856
254,1858
255,1842
0,1844
1,1806
2,1820
3,1822
4,1834
5,1812
6,1836
7,1808
8,1830
9,1840
10,1834
11,1860
12,1824
13,1840
14,1828
15,1806
16,1812
17,1802
18,1796
19,1790
20,1794
21,1778
22,1782
23,1762
24,1764
25,1776
26,1798
27,1824
28,1862
29,1870
30,1878
31,1884
32,1894
33,1892
34,1900
35,1904
36,1910
37,1896
38,1918
39,1896
40,1898
41,1892
42,1892
43,1854
44,1850
45,1814
46,1830
47,1792
48,1828
49,1820
50,1840
51,1868
52,1868
53,1888
54,1872
55,1870
56,1860
57,1866
58,1868
59,1858
60,1852
61,1830
62,1796
63,1784
64,1788
65,1804
66,1832
67,1886
68,1914
69,1942
70,1962
71,1980
72,1976
73,1992
74,1992
75,1984
76,1954
77,1914
78,1890
79,1852
80,1830
81,1830
82,1788
83,1828
84,1812
85,1838
86,1828
87,1826
88,1812
89,1784
90,1808
91,1806
92,1830
93,1866
94,1842
95,1816
96,1790
97,1782
98,1792
99,1802
100,1834
101,1864
102,1844
103,1844
104,1842
105,1808
106,1816
107,1788
108,1784
109,1820
110,1814
111,1856
112,1876
113,1898
114,1918
115,1870
116,1830
117,1816
118,1772
119,1800
120,1770
121,1760
122,1788
123,1770
124,1816
125,1820
126,1854
127,1862
128,1866
129,1870
130,1854
131,1874
132,1870
133,1896
134,1880
135,1880
136,1864
137,1836
138,1816
139,1786
140,1780
141,1780
142,1772
143,1802
144,1834
145,1850
146,1872
147,1880
148,1882
149,1884
150,1890
151,1880
152,1888
153,1864
154,1878
155,1870
156,1868
157,1850
158,1844
159,1820
160,1818
161,1806
162,1828
163,1820
164,1848
165,1860
166,1830
167,1844
168,1840
169,1826
170,1822
171,1812
172,1850
173,1846
174,1870
175,1904
176,1912
177,1938
178,1956
179,1958
180,1940
181,1916
182,1902
183,1816
184,1816
185,1772
186,1766
187,1796
188,1828
189,1854
190,1884
191,1904
192,1894
193,1894
194,1900
195,1910
196,1910
197,1912
198,1930
199,1930
200,1956
201,1956
202,1956
203,1932
204,1910
205,1902
206,1898
207,1914
208,1926
209,1948
210,1950
211,1932
212,1938
213,1898
214,1902
215,1850
216,1818
217,1812
218,1768
219,1774
220,1752
221,1748
222,1782
223,1776
224,1794
225,1806
226,1878
227,1864
228,1890
229,1908
230,1926
231,1938
232,1944
233,1934
234,1910
235,1888
236,1872
237,1866
238,1860
239,1832
240,1812
241,1840
242,1838
243,1868
244,1874
245,1864
246,1872
247,1820
248,1832
249,1826
250,1862
251,1860
252,1924
253,1904
254,1916
255,1916
0,1902
1,1884
2,1876
3,1850
4,1826
5,1800
6,1790
7,1768
8,1786
9,1786
10,1804
11,1788
12,1806
13,1764
14,1766
15,1746
16,1740
17,1762
18,1792
19,1852
20,1892
21,1930
22,1926
23,1944
24,1910
25,1922
26,1890
27,1900
28,1910
29,1888
30,1900
31,1866
32,1892
33,1866
34,1886
35,1894
36,1870
37,1844
38,1880
39,1822
40,1852
41,1832
42,1834
43,1844
44,1854
45,1864
46,1902
47,1906
48,1922
49,1882
50,1876
51,1846
52,1832
53,1842
54,1868
55,1836
56,1860
57,1828
58,1816
59,1842
60,1860
61,1894
62,1930
63,1962
64,1954
65,1974
66,1958
67,1946
68,1926
69,1888
70,1880
71,1858
72,1848
73,1866
74,1870
75,1890
76,1924
77,1940
78,1926
79,1920
80,1896
81,1872
82,1860
83,1810
84,1814
85,1788
86,1818
87,1834
88,1820
89,1856
90,1856
91,1874
92,1864
93,1902
94,1886
95,1934
96,1936
97,1928
98,1924
99,1916
100,1906
101,1906
102,1906
103,1910
104,1882
105,1910
106,1946
107,1936
108,1968
109,1926
110,1936
111,1892
112,1888
113,1872
114,1870
115,1900
116,1892
117,1906
118,1900
119,1904
120,1880
121,1878
122,1858
123,1820
124,1834
125,1826
126,1828
127,1832
128,1810
129,1802
130,1796
131,1778
132,1794
133,1794
134,1802
135,1794
136,1824
137,1808
138,1834
139,1850
140,1874
141,1880
142,1922
143,1906
144,1904
145,1886
146,1866
147,1834
148,1826
149,1828
150,1814
151,1818
152,1812
153,1812
154,1814
155,1840
156,1846
157,1868
158,1866
159,1844
160,1822
161,1814
162,1806
163,1820
164,1850
165,1862
166,1914
167,1976
168,1964
169,1960
170,1912
171,1860
172,1836
173,1840
174,1834
175,1846
176,1844
177,1894
178,1872
179,1890
180,1910
181,1866
182,1910
183,1922
184,1972
185,1998
186,1984
187,1988
188,1964
189,1950
190,1938
191,1934
192,1914
193,1918
194,1900
195,1922
196,1894
197,1936
198,1940
199,1952
200,1940
201,1928
202,1916
203,1882
204,1880
205,1868
206,1888
207,1896
208,1920
209,1880
210,1922
211,1904
212,1920
213,1920
214,1956
215,1946
216,1954
217,1922
218,1954
219,1938
220,1956
221,1920
222,1942
223,1914
224,1896
225,1880
226,1864
227,1846
228,1842
229,1866
230,1850
231,1866
232,1870
233,1884
234,1836
235,1862
236,1828
237,1868
238,1862
239,1888
240,1918
241,1902
242,1920
243,1960
244,1946
245,1934
246,1948
247,1902
248,1910
249,1910
250,1906
251,1914
252,1920
253,1890
254,1874
255,1840
0,1842
1,1836
2,1858
3,1854
4,1880
5,1890
6,1886
7,1890
8,1904
9,1892
10,1904
11,1918
12,1918
13,1900
14,1894
15,1898
16,1880
17,1884
18,1850
19,1858
20,1848
21,1848
22,1858
23,1810
24,1828
25,1790
26,1790
27,1808
28,1806
29,1838
30,1836
31,1878
32,1874
33,1874
34,1876
35,1876
36,1860
37,1856
38,1840
39,1884
40,1860
41,1872
42,1868
43,1894
44,1854
45,1848
46,1798
47,1750
48,1748
49,1736
50,1776
51,1788
52,1798
53,1810
54,1792
55,1814
56,1812
57,1832
58,1852
59,1872
60,1874
61,1910
62,1938
63,1958
64,1950
65,1972
66,1918
67,1926
68,1920
69,1910
70,1896
71,1886
72,1892
73,1894
74,1908
75,1906
76,1936
77,1930
78,1950
79,1930
80,1932
81,1928
82,1906
83,1904
84,1916
85,1882
86,1910
87,1888
88,1892
89,1880
90,1848
91,1846
92,1818
93,1816
94,1836
95,1822
96,1840
97,1820
98,1796
99,1794
100,1754
101,1754
102,1762
103,1746
104,1774
105,1830
106,1858
107,1900
108,1904
109,1938
110,1928
111,1936
112,1902
113,1886
114,1864
115,1860
116,1872
117,1888
118,1906
119,1906
120,1902
121,1904
122,1910
123,1920
124,1918
125,1922
126,1898
127,1896
128,1882
129,1864
130,1864
131,1794
132,1776
133,1732
134,1732
135,1736
136,1738
137,1792
138,1790
139,1830
140,1834
141,1806
142,1804
143,1828
144,1824
145,1848
146,1858
147,1848
148,1832
149,1824
150,1818
151,1806
152,1856
153,1848
154,1882
155,1880
156,1876
157,1886
158,1848
159,1868
160,1868
161,1880
162,1870
163,1844
164,1822
165,1774
166,1790
167,1772
168,1788
169,1800
170,1802
171,1840
172,1802
173,1820
174,1810
175,1816
176,1804
177,1834
178,1838
179,1848
180,1854
181,1856
182,1844
183,1846
184,1846
185,1856
186,1872
187,1858
188,1848
189,1794
190,1788
191,1760
192,1772
193,1760
194,1766
195,1750
196,1764
197,1750
198,1764
199,1786
200,1782
201,1828
202,1832
203,1860
204,1852
205,1876
206,1844
207,1854
208,1854
209,1862
210,1868
211,1864
212,1858
213,1826
214,1854
215,1820
216,1838
217,1858
218,1880
219,1910
220,1896
221,1880
222,1842
223,1816
224,1848
225,1842
226,1886
227,1914
228,1912
229,1898
230,1888
231,1882
232,1882
233,1884
234,1896
235,1870
236,1890
237,1886
238,1884
239,1876
240,1864
241,1818
242,1808
243,1788
244,1754
245,1740
246,1766
247,1770
248,1808
249,1800
250,1804
251,1820
252,1858
253,1866
254,1908
255,1922
0,1910
1,1890
2,1864
3,1844
4,1830
5,1822
6,1830
7,1834
8,1824
9,1824
10,1816
11,1828
12,1796
13,1788
14,1782
15,1766
16,1770
17,1796
18,1782
19,1776
20,1780
21,1764
22,1746
23,1756
24,1800
25,1782
26,1814
27,1816
28,1804
29,1808
30,1786
31,1770
32,1814
33,1784
34,1812
35,1802
36,1794
37,1826
38,1844
39,1848
40,1856
41,1868
42,1860
43,1868
44,1858
45,1868
46,1872
47,1934
48,1910
49,1908
50,1908
51,1878
52,1890
53,1896
54,1892
55,1878
56,1864
57,1860
58,1828
59,1808
60,1788
61,1788
62,1784
63,1782
64,1832
65,1786
66,1840
67,1838
68,1846
69,1888
70,1874
71,1886
72,1860
73,1870
74,1858
75,1848
76,1822
77,1830
78,1814
79,1828
80,1828
81,1838
82,1842
83,1854
84,1868
85,1852
86,1892
87,1900
88,1896
89,1916
90,1908
91,1894
92,1884
93,1868
94,1854
95,1844
96,1860
97,1850
98,1868
99,1884
100,1916
101,1890
102,1876
103,1858
104,1848
105,1826
106,1846
107,1836
108,1866
109,1856
110,1874
111,1850
112,1832
113,1822
114,1812
115,1832
116,1838
117,1860
118,1864
119,1862
120,1868
121,1880
122,1860
123,1852
124,1852
125,1856
126,1878
127,1892
128,1906
129,1896
130,1888
131,1860
132,1884
133,1830
134,1890
135,1838
136,1872
137,1860
138,1828
139,1818
140,1780
141,1782
142,1768
143,1776
144,1760
145,1784
146,1776
147,1772
148,1762
149,1744
150,1742
151,1728
152,1746
153,1742
154,1776
155,1788
156,1792
157,1818
158,1784
159,1816
160,1788
161,1780
162,1804
163,1816
164,1830
165,1832
166,1826
167,1836
168,1846
169,1858
170,1880
171,1866
172,1880
173,1898
174,1908
175,1914
176,1904
177,1908
178,1910
179,1902
180,1912
181,1834
182,1842
183,1814
184,1800
185,1784
186,1794
187,1792
188,1784
189,1772
190,1746
191,1748
192,1724
193,1758
194,1742
195,1764
196,1818
197,1814
198,1834
199,1842
200,1822
201,1840
202,1842
203,1854
204,1846
205,1846
206,1850
207,1842
208,1874
209,1860
210,1886
211,1894
212,1894
213,1920
214,1906
215,1944
216,1948
217,1970
218,1972
219,2018
220,2002
221,1992
222,1954
223,1918
224,1870
225,1864
226,1850
227,1874
228,1876
229,1884
230,1842
231,1826
232,1750
233,1740
234,1742
235,1746
236,1780
237,1802
238,1794
239,1790
240,1780
241,1766
242,1768
243,1798
244,1812
245,1850
246,1868
247,1860
248,1866
249,1860
250,1858
251,1864
252,1866
253,1870
254,1868
255,1900
0,1906
1,1918
2,1918
3,1924
4,1912
5,1902
6,1866
7,1854
8,1842
9,1846
10,1846
11,1852
12,1832
13,1812
14,1794
15,1802
16,1830
17,1846
18,1842
19,1850
20,1838
21,1838
22,1784
23,1800
24,1780
25,1798
26,1834
27,1824
28,1842
29,1844
30,1826
31,1826
32,1832
33,1860
34,1860
35,1892
36,1922
37,1878
38,1890
39,1870
40,1874
41,1894
42,1900
43,1886
44,1916
45,1852
46,1850
47,1800
48,1826
49,1790
50,1840
51,1798
52,1800
53,1786
54,1772
55,1778
56,1750
57,1794
58,1788
59,1824
60,1830
61,1846
62,1830
63,1842
64,1834
65,1824
66,1834
67,1820
68,1860
69,1810
70,1818
71,1816
72,1804
73,1814
74,1822
75,1822
76,1840
77,1846
78,1836
79,1830
80,1806
81,1826
82,1814
83,1866
84,1880
85,1898
86,1920
87,1890
88,1894
89,1864
90,1848
91,1874
92,1890
93,1898
94,1866
95,1868
96,1854
97,1864
98,1848
99,1826
100,1844
101,1818
102,1856
103,1842
104,1852
105,1844
106,1836
107,1844
108,1826
109,1842
110,1836
111,1856
112,1878
113,1916
114,1932
115,1954
116,1956
117,1958
118,1918
119,1934
120,1916
121,1900
122,1924
123,1924
124,1934
125,1946
126,1930
127,1934
128,1924
129,1894
130,1896
131,1884
132,1902
133,1902
134,1890
135,1902
136,1868
137,1904
138,1872
139,1888
140,1820
141,1812
142,1786
143,1764
144,1780
145,1750
146,1764
147,1772
148,1792
149,1816
150,1800
151,1848
152,1868
153,1872
154,1908
155,1912
156,1924
157,1946
158,1920
159,1912
160,1892
161,1872
162,1866
163,1872
164,1872
165,1876
166,1878
167,1880
168,1860
169,1894
170,1876
171,1858
172,1844
173,1800
174,1782
175,1760
176,1772
177,1740
178,1760
179,1764
180,1788
181,1794
182,1792
183,1826
184,1832
185,1876
186,1898
187,1904
188,1928
189,1916
190,1914
191,1904
192,1894
193,1888
194,1858
195,1876
196,1862
197,1902
198,1880
199,1924
200,1912
201,1910
202,1922
203,1922
204,1942
205,1942
206,1958
207,1950
208,1948
209,1932
210,1906
211,1908
212,1894
213,1910
214,1912
215,1896
216,1906
217,1866
218,1822
219,1806
220,1772
221,1758
222,1782
223,1804
224,1770
225,1786
226,1770
227,1764
228,1790
229,1846
230,1856
231,1894
232,1914
233,1892
234,1908
235,1874
236,1878
237,1910
238,1890
239,1914
240,1920
241,1918
242,1942
243,1922
244,1908
245,1886
246,1848
247,1846
248,1836
249,1832
250,1824
251,1818
252,1820
253,1852
254,1870
255,1844
0,1834
1,1862
2,1850
3,1858
4,1892
5,1878
6,1896
7,1880
8,1876
9,1858
10,1830
11,1832
12,1848
13,1834
14,1858
15,1842
16,1854
17,1856
18,1884
19,1894
20,1922
21,1904
22,1900
23,1888
24,1882
25,1868
26,1840
27,1838
28,1774
29,1760
30,1778
31,1766
32,1798
33,1812
34,1836
35,1828
36,1844
37,1852
38,1810
39,1792
40,1746
41,1726
42,1722
43,1716
44,1712
45,1726
46,1756
47,1768
48,1792
49,1778
50,1800
51,1820
52,1866
53,1878
54,1896
55,1902
56,1884
57,1880
58,1854
59,1834
60,1836
61,1826
62,1806
63,1788
64,1780
65,1822
66,1816
67,1812
68,1808
69,1760
70,1746
71,1708
72,1692
73,1680
74,1692
75,1690
76,1720
77,1754
78,1786
79,1828
80,1832
81,1842
82,1820
83,1838
84,1814
85,1822
86,1814
87,1798
88,1834
89,1838
90,1842
91,1854
92,1820
93,1860
94,1830
95,1850
96,1850
97,1842
98,1892
99,1906
100,1928
101,1912
102,1886
103,1852
104,1826
105,1824
106,1804
107,1828
108,1812
109,1840
110,1840
111,1852
112,1832
113,1838
114,1798
115,1798
116,1774
117,1778
118,1766
119,1780
120,1770
121,1782
122,1808
123,1822
124,1824
125,1836
126,1856
127,1834
128,1826
129,1832
130,1816
131,1822
132,1834
133,1862
134,1860
135,1846
136,1828
137,1810
138,1816
139,1826
140,1832
141,1818
142,1838
143,1810
144,1816
145,1830
146,1824
147,1858
148,1850
149,1872
150,1878
151,1874
152,1886
153,1852
154,1884
155,1856
156,1832
157,1814
158,1816
159,1822
160,1826
161,1828
162,1836
163,1864
164,1848
165,1872
166,1886
167,1900
168,1900
169,1918
170,1908
171,1884
172,1854
173,1858
174,1832
175,1842
176,1848
177,1866
178,1872
179,1876
180,1894
181,1874
182,1876
183,1848
184,1836
185,1818
186,1820
187,1798
188,1812
189,1800
190,1760
191,1774
192,1756
193,1752
194,1760
195,1778
196,1792
197,1798
198,1826
199,1846
200,1866
201,1892
202,1840
203,1856
204,1808
205,1802
206,1784
207,1808
208,1812
209,1816
210,1840
211,1830
212,1810
213,1796
214,1768
215,1778
216,1750
217,1788
218,1800
219,1824
220,1818
221,1876
222,1830
223,1872
224,1860
225,1904
226,1912
227,1920
228,1924
229,1942
230,1934
231,1922
232,1906
233,1910
234,1860
235,1870
236,1878
237,1902
238,1886
239,1894
240,1866
241,1842
242,1850
243,1844
244,1830
245,1840
246,1848
247,1848
248,1854
249,1862
250,1874
251,1884
252,1878
253,1868
254,1876
255,1910
0,1880
1,1914
2,1890
3,1886
4,1868
5,1882
6,1888
7,1918
8,1932
9,1956
10,1970
11,1960
12,1968
13,1916
14,1934
15,1898
16,1896
17,1892
18,1878
19,1864
20,1852
21,1868
22,1870
23,1868
24,1852
25,1854
26,1816
27,1818
28,1810
29,1790
30,1800
31,1804
32,1838
33,1840
34,1872
35,1870
36,1876
37,1884
38,1906
39,1884
40,1908
41,1890
42,1902
43,1898
44,1888
45,1904
46,1928
47,1944
48,1958
49,1944
50,1950
51,1956
52,1950
53,1964
54,1952
55,1998
56,1922
57,1920
58,1896
59,1892
60,1874
61,1834
62,1830
63,1830
64,1818
65,1840
66,1852
67,1874
68,1844
69,1834
70,1804
71,1768
72,1766
73,1774
74,1778
75,1798
76,1828
77,1844
78,1842
79,1830
80,1844
81,1838
82,1860
83,1882
84,1874
85,1886
86,1868
87,1838
88,1838
89,1836
90,1822
91,1846
92,1886
93,1914
94,1928
95,1942
96,1932
97,1908
98,1902
99,1880
100,1866
101,1888
102,1878
103,1910
104,1912
105,1898
106,1884
107,1866
108,1856
109,1870
110,1880
111,1882
112,1878
113,1870
114,1862
115,1842
116,1830
117,1796
118,1790
119,1806
120,1812
121,1844
122,1856
123,1874
124,1882
125,1864
126,1868
127,1888
128,1894
129,1898
130,1940
131,1904
132,1904
133,1860
134,1852
135,1842
136,1850
137,1892
138,1880
139,1900
140,1894
141,1896
142,1878
143,1858
144,1854
145,1842
146,1788
147,1826
148,1788
149,1830
150,1810
151,1808
152,1834
153,1842
154,1862
155,1860
156,1886
157,1890
158,1904
159,1924
160,1956
161,1950
162,1972
163,1952
164,1946
165,1928
166,1890
167,1860
168,1842
169,1828
170,1804
171,1820
172,1808
173,1808
174,1794
175,1778
176,1780
177,1776
178,1794
179,1782
180,1810
181,1786
182,1800
183,1782
184,1814
185,1808
186,1842
187,1834
188,1850
189,1854
190,1876
191,1900
192,1920
193,1918
194,1904
195,1890
196,1840
197,1812
198,1792
199,1810
200,1804
201,1832
202,1826
203,1842
204,1870
205,1888
206,1892
207,1886
208,1872
209,1854
210,1818
211,1796
212,1772
213,1786
214,1762
215,1776
216,1776
217,1764
218,1798
219,1772
220,1800
221,1810
222,1802
223,1826
224,1796
225,1802
226,1792
227,1824
228,1822
229,1860
230,1876
231,1902
232,1872
233,1878
234,1852
235,1840
236,1818
237,1852
238,1864
239,1906
240,1932
241,1926
242,1892
243,1900
244,1850
245,1868
246,1850
247,1834
248,1832
249,1780
250,1774
251,1742
252,1740
253,1746
254,1756
255,1776
0,1792
1,1808
2,1804
3,1806
4,1782
5,1824
6,1824
7,1846
8,1890
9,1888
10,1906
11,1914
12,1910
13,1942
14,1952
15,1982
16,1990
17,2004
18,1970
19,1950
20,1910
21,1872
22,1864
23,1852
24,1864
25,1868
26,1882
27,1888
28,1892
29,1918
30,1898
31,1906
32,1872
33,1878
34,1854
35,1842
36,1814
37,1810
38,1788
39,1772
40,1794
41,1766
42,1772
43,1750
44,1746
45,1766
46,1780
47,1818
48,1826
49,1854
50,1836
51,1844
52,1856
53,1818
54,1846
55,1862
56,1888
57,1890
58,1900
59,1934
60,1920
61,1924
62,1886
63,1862
64,1824
65,1830
66,1806
67,1820
68,1782
69,1804
70,1746
71,1742
72,1728
73,1734
74,1752
75,1766
76,1726
77,1756
78,1728
79,1778
80,1790
81,1808
82,1806
83,1822
84,1802
85,1812
86,1842
87,1856
88,1898
89,1916
90,1912
91,1914
92,1928
93,1944
94,1918
95,1932
96,1886
97,1882
98,1880
99,1834
100,1858
101,1828
102,1814
103,1804
104,1810
105,1794
106,1840
107,1828
108,1838
109,1848
110,1840
111,1866
112,1858
113,1898
114,1882
115,1884
116,1868
117,1856
118,1842
119,1846
120,1826
121,1842
122,1838
123,1850
124,1870
125,1866
126,1878
127,1886
128,1894
129,1922
130,1924
131,1902
132,1874
133,1870
134,1850
135,1848
136,1850
137,1864
138,1870
139,1872
140,1870
141,1884
142,1872
143,1900
144,1842
145,1874
146,1860
147,1896
148,1920
149,1924
150,1940
151,1944
152,1932
153,1896
154,1898
155,1876
156,1866
157,1876
158,1914
159,1922
160,1934
161,1940
162,1932
163,1932
164,1894
165,1922
166,1892
167,1916
168,1904
169,1922
170,1916
171,1910
172,1922
173,1906
174,1938
175,1920
176,1932
177,1926
178,1902
179,1892
180,1870
181,1832
182,1816
183,1790
184,1784
185,1784
186,1808
187,1810
188,1822
189,1840
190,1846
191,1828
192,1846
193,1812
194,1864
195,1858
196,1896
197,1902
198,1878
199,1868
200,1884
201,1860
202,1886
203,1870
204,1856
205,1874
206,1856
207,1858
208,1836
209,1844
210,1852
211,1840
212,1850
213,1836
214,1824
215,1834
216,1822
217,1808
218,1806
219,1830
220,1830
221,1824
222,1850
223,1846
224,1826
225,1836
226,1856
227,1876
228,1924
229,1968
230,1998
231,2024
232,2034
233,2032
234,2004
235,1988
236,1964
237,1936
238,1912
239,1892
240,1910
241,1922
242,1930
243,1924
244,1928
245,1912
246,1886
247,1878
248,1862
249,1870
250,1862
251,1872
252,1890
253,1854
254,1874
255,1846
0,1842
1,1842
2,1856
3,1868
4,1908
5,1886
6,1922
7,1910
8,1904
9,1914
10,1918
11,1892
12,1904
13,1892
14,1902
15,1910
16,1918
17,1956
18,1972
19,2012
20,2008
21,2024
22,1998
23,1976
24,1942
25,1920
26,1930
27,1912
28,1912
29,1890
30,1870
31,1858
32,1818
33,1832
34,1824
35,1842
36,1838
37,1848
38,1846
39,1862
40,1876
41,1866
42,1876
43,1862
44,1846
45,1872
46,1870
47,1862
48,1848
49,1864
50,1860
51,1868
52,1866
53,1888
54,1888
55,1880
56,1880
57,1870
58,1862
59,1858
60,1894
61,1908
62,1906
63,1930
64,1886
65,1902
66,1852
67,1878
68,1868
69,1868
70,1858
71,1838
72,1830
73,1828
74,1820
75,1828
76,1840
77,1832
78,1852
79,1846
80,1860
81,1890
82,1870
83,1902
84,1848
85,1868
86,1846
87,1864
88,1856
89,1866
90,1858
91,1852
92,1850
93,1822
94,1856
95,1856
96,1856
97,1870
98,1846
99,1834
100,1826
101,1782
102,1780
103,1764
104,1764
105,1776
106,1800
107,1802
108,1824
109,1840
110,1874
111,1844
112,1834
113,1826
114,1830
115,1828
116,1860
117,1886
118,1918
119,1916
120,1934
121,1924
122,1902
123,1886
124,1864
125,1870
126,1878
127,1900
128,1924
129,1924
130,1912
131,1898
132,1876
133,1840
134,1822
135,1824
136,1802
137,1838
138,1828
139,1864
140,1884
141,1864
142,1864
143,1842
144,1850
145,1856
146,1838
147,1846
148,1852
149,1868
150,1852
151,1892
152,1904
153,1908
154,1944
155,1942
156,1938
157,1916
158,1902
159,1896
160,1876
161,1902
162,1912
163,1924
164,1942
165,1940
166,1964
167,1956
168,1950
169,1952
170,1934
171,1896
172,1888
173,1854
174,1788
175,1766
176,1780
177,1774
178,1796
179,1814
180,1828
181,1828
182,1838
183,1802
184,1816
185,1816
186,1798
187,1820
188,1816
189,1816
190,1804
191,1824
192,1852
193,1874
194,1920
195,1916
196,1926
197,1924
198,1888
199,1862
200,1828
201,1834
202,1844
203,1862
204,1886
205,1872
206,1852
207,1842
208,1854
209,1834
210,1822
211,1810
212,1792
213,1772
214,1754
215,1748
216,1780
217,1790
218,1826
219,1840
220,1836
221,1806
222,1802
223,1752
224,1784
225,1754
226,1794
227,1800
228,1810
229,1830
230,1848
231,1832
232,1874
233,1842
234,1866
235,1882
236,1902
237,1952
238,1936
239,1960
240,1944
241,1900
242,1894
243,1868
244,1864
245,1872
246,1892
247,1896
248,1876
249,1862
250,1830
251,1822
252,1780
253,1772
254,1780
255,1764
0,1768
1,1748
2,1748
3,1750
4,1770
5,1772
6,1762
7,1792
8,1782
9,1860
10,1886
11,1894
12,1900
13,1886
14,1860
15,1848
16,1790
17,1800
18,1750
19,1784
20,1788
21,1810
22,1856
23,1874
24,1906
25,1904
26,1906
27,1922
28,1898
29,1892
30,1904
31,1890
32,1868
33,1908
34,1878
35,1910
36,1898
37,1904
38,1898
39,1864
40,1856
41,1816
42,1794
43,1812
44,1778
45,1774
46,1772
47,1772
48,1790
49,1806
50,1840
51,1840
52,1852
53,1866
54,1850
55,1854
56,1840
57,1844
58,1840
59,1838
60,1824
61,1830
62,1812
63,1826
64,1780
65,1810
66,1804
67,1788
68,1782
69,1786
70,1782
71,1800
72,1800
73,1800
74,1820
75,1810
76,1858
77,1872
78,1872
79,1904
80,1878
81,1878
82,1860
83,1870
84,1864
85,1858
86,1852
87,1862
88,1836
89,1828
90,1830
91,1816
92,1812
93,1826
94,1810
95,1834
96,1816
97,1816
98,1848
99,1806
100,1844
101,1830
102,1866
103,1846
104,1828
105,1802
106,1814
107,1826
108,1814
109,1836
110,1834
111,1854
112,1810
113,1838
114,1794
115,1798
116,1784
117,1788
118,1792
119,1834
120,1828
121,1834
122,1836
123,1846
124,1860
125,1870
126,1918
127,1894
128,1904
129,1878
130,1880
131,1858
132,1850
133,1850
134,1828
135,1808
136,1828
137,1824
138,1842
139,1876
140,1864
141,1896
142,1844
143,1846
144,1820
145,1810
146,1786
147,1788
148,1756
149,1742
150,1756
151,1746
152,1768
153,1808
154,1816
155,1868
156,1874
157,1910
158,1916
159,1890
160,1894
161,1878
162,1824
163,1830
164,1814
165,1810
166,1850
167,1822
168,1800
169,1806
170,1754
171,1776
172,1810
173,1818
174,1832
175,1832
176,1826
177,1818
178,1826
179,1810
180,1808
181,1804
182,1800
183,1798
184,1830
185,1798
186,1846
187,1850
188,1804
189,1834
190,1800
191,1818
192,1812
193,1810
194,1756
195,1756
196,1760
197,1726
198,1746
199,1766
200,1766
201,1796
202,1822
203,1854
204,1874
205,1918
206,1948
207,1932
208,1944
209,1912
210,1878
211,1854
212,1836
213,1822
214,1816
215,1828
216,1814
217,1808
218,1794
219,1766
220,1768
221,1770
222,1810
223,1798
224,1780
225,1780
226,1750
227,1786
228,1768
229,1814
230,1818
231,1828
232,1838
233,1818
234,1798
235,1772
236,1748
237,1760
238,1794
239,1824
240,1856
241,1894
242,1882
243,1904
244,1874
245,1888
246,1890
247,1882
248,1868
249,1868
250,1856
251,1868
252,1842
253,1842
254,1850
255,1850
0,1876
1,1846
2,1846
3,1802
4,1784
5,1796
6,1786
7,1814
8,1828
9,1806
10,1838
11,1828
12,1854
13,1850
14,1850
15,1860
16,1836
17,1850
18,1874
19,1854
20,1852
21,1844
22,1826
23,1846
24,1818
25,1870
26,1858
27,1908
28,1890
29,1920
30,1912
31,1908
32,1914
33,1860
34,1850
35,1832
36,1800
37,1820
38,1830
39,1846
40,1838
41,1860
42,1816
43,1850
44,1838
45,1884
46,1880
47,1928
48,1930
49,1938
50,1904
51,1896
52,1914
53,1874
54,1900
55,1880
56,1878
57,1870
58,1856
59,1860
60,1868
61,1842
62,1860
63,1866
64,1888
65,1906
66,1906
67,1894
68,1898
69,1896
70,1934
71,1944
72,1952
73,1968
74,1970
75,1970
76,1956
77,1922
78,1878
79,1846
80,1792
81,1772
82,1786
83,1778
84,1782
85,1794
86,1808
87,1808
88,1796
89,1792
90,1794
91,1804
92,1798
93,1812
94,1832
95,1858
96,1876
97,1906
98,1914
99,1914
100,1902
101,1864
102,1850
103,1840
104,1874
105,1860
106,1862
107,1852
108,1852
109,1824
110,1846
111,1826
112,1858
113,1846
114,1896
115,1890
116,1936
117,1934
118,1944
119,1936
120,1938
121,1904
122,1894
123,1894
124,1846
125,1858
126,1830
127,1844
128,1856
129,1852
130,1876
131,1862
132,1822
133,1844
134,1786
135,1758
136,1742
137,1742
138,1760
139,1784
140,1792
141,1802
142,1822
143,1856
144,1886
145,1912
146,1898
147,1896
148,1874
149,1856
150,1856
151,1862
152,1882
153,1914
154,1940
155,1918
156,1914
157,1886
158,1856
159,1842
160,1812
161,1798
162,1800
163,1802
164,1802
165,1816
166,1836
167,1838
168,1852
169,1858
170,1886
171,1890
172,1876
173,1882
174,1876
175,1882
176,1852
177,1870
178,1854
179,1864
180,1860
181,1866
182,1860
183,1830
184,1816
185,1826
186,1812
187,1814
188,1824
189,1830
190,1842
191,1828
192,1858
193,1876
194,1920
195,1940
196,1920
197,1920
198,1870
199,1866
200,1834
201,1822
202,1818
203,1828
204,1844
205,1856
206,1874
207,1892
208,1888
209,1908
210,1918
211,1894
212,1888
213,1836
214,1818
215,1780
216,1772
217,1774
218,1784
219,1818
220,1832
221,1862
222,1830
223,1828
224,1836
225,1826
226,1840
227,1822
228,1796
229,1792
230,1790
231,1782
232,1796
233,1776
234,1808
235,1834
236,1836
237,1870
238,1874
239,1870
240,1866
241,1862
242,1858
243,1842
244,1846
245,1852
246,1842
247,1866
248,1868
249,1856
250,1870
251,1862
252,1842
253,1830
254,1826
255,1854
0,1864
1,1886
2,1874
3,1866
4,1838
5,1808
6,1782
7,1776
8,1768
9,1770
10,1778
11,1778
12,1780
13,1780
14,1792
15,1794
16,1828
17,1822
18,1842
19,1834
20,1840
21,1818
22,1804
23,1790
24,1800
25,1794
26,1800
27,1824
28,1822
29,1858
30,1840
31,1858
32,1838
33,1866
34,1850
35,1882
36,1892
37,1862
38,1864
39,1834
40,1814
41,1834
42,1842
43,1846
44,1890
45,1902
46,1886
47,1898
48,1830
49,1856
50,1824
51,1834
52,1840
53,1874
54,1864
55,1914
56,1884
57,1890
58,1898
59,1886
60,1890
61,1878
62,1890
63,1880
64,1852
65,1862
66,1834
67,1828
68,1796
69,1782
70,1760
71,1752
72,1764
73,1746
74,1780
75,1780
76,1792
77,1804
78,1822
79,1800
80,1836
81,1818
82,1840
83,1828
84,1844
85,1846
86,1870
87,1858
88,1864
89,1830
90,1816
91,1802
92,1834
93,1824
94,1818
95,1822
96,1800
97,1828
98,1764
99,1798
100,1782
101,1808
102,1836
103,1822
104,1868
105,1862
106,1900
107,1862
108,1870
109,1872
110,1874
111,1872
112,1864
113,1858
114,1822
115,1796
116,1798
117,1800
118,1806
119,1818
120,1828
121,1834
122,1842
123,1860
124,1866
125,1868
126,1870
127,1828
128,1830
129,1854
130,1860
131,1894
132,1908
133,1912
134,1892
135,1872
136,1844
137,1844
138,1820
139,1798
140,1784
141,1758
142,1728
143,1720
144,1722
145,1758
146,1760
147,1780
148,1772
149,1780
150,1788
151,1800
152,1828
153,1780
154,1804
155,1786
156,1818
157,1818
158,1832
159,1816
160,1838
161,1852
162,1858
163,1878
164,1898
165,1922
166,1918
167,1934
168,1912
169,1914
170,1918
171,1908
172,1936
173,1930
174,1918
175,1888
176,1902
177,1916
178,1924
179,1904
180,1908
181,1886
182,1872
183,1854
184,1840
185,1828
186,1828
187,1846
188,1850
189,1842
190,1862
191,1848
192,1860
193,1880
194,1858
195,1864
196,1878
197,1846
198,1878
199,1880
200,1916
201,1934
202,1964
203,1966
204,1966
205,1968
206,1982
207,1972
208,1990
209,1944
210,1940
211,1944
212,1936
213,1924
214,1916
215,1916
216,1892
217,1888
218,1892
219,1890
220,1886
221,1850
222,1846
223,1820
224,1788
225,1776
226,1798
227,1808
228,1812
229,1818
230,1798
231,1800
232,1802
233,1826
234,1842
235,1884
236,1864
237,1864
238,1880
239,1878
240,1894
241,1882
242,1900
243,1882
244,1874
245,1900
246,1874
247,1916
248,1918
249,1908
250,1932
251,1940
252,1954
253,1956
254,1954
255,1930
0,1946
1,1946
2,1948
3,1966
4,1940
5,1924
6,1904
7,1906
8,1890
9,1870
10,1880
11,1876
12,1864
13,1832
14,1804
15,1766
16,1752
17,1742
18,1746
19,1784
20,1818
21,1862
22,1878
23,1940
24,1978
25,1950
26,1956
27,1904
28,1910
29,1836
30,1848
31,1832
32,1836
33,1856
34,1896
35,1896
36,1932
37,1934
38,1950
39,1944
40,1930
41,1928
42,1910
43,1890
44,1882
45,1858
46,1894
47,1904
48,1924
49,1930
50,1924
51,1916
52,1872
53,1888
54,1876
55,1870
56,1914
57,1890
58,1900
59,1886
60,1866
61,1864
62,1832
63,1830
64,1816
65,1824
66,1840
67,1866
68,1878
69,1892
70,1900
71,1892
72,1928
73,1918
74,1934
75,1892
76,1908
77,1842
78,1880
79,1870
80,1904
81,1922
82,1944
83,1946
84,1926
85,1916
86,1906
87,1938
88,1950
89,1956
90,1950
91,1914
92,1888
93,1834
94,1816
95,1816
96,1812
97,1854
98,1848
99,1856
100,1856
101,1864
102,1838
103,1834
104,1802
105,1794
106,1786
107,1772
108,1782
109,1810
110,1804
111,1854
112,1880
113,1884
114,1898
115,1868
116,1878
117,1850
118,1864
119,1854
120,1862
121,1870
122,1880
123,1868
124,1886
125,1860
126,1874
127,1878
128,1872
129,1888
130,1890
131,1886
132,1848
133,1852
134,1834
135,1838
136,1836
137,1830
138,1824
139,1828
140,1830
141,1832
142,1816
143,1844
144,1832
145,1836
146,1838
147,1808
148,1806
149,1810
150,1802
151,1808
152,1798
153,1794
154,1812
155,1792
156,1810
157,1804
158,1804
159,1826
160,1824
161,1836
162,1874
163,1844
164,1870
165,1874
166,1884
167,1890
168,1900
169,1904
170,1936
171,1936
172,1932
173,1928
174,1898
175,1868
176,1828
177,1846
178,1830
179,1852
180,1846
181,1882
182,1886
183,1898
184,1902
185,1888
186,1900
187,1912
188,1890
189,1892
190,1900
191,1856
192,1860
193,1866
194,1872
195,1878
196,1882
197,1928
198,1934
199,1966
200,1978
201,1962
202,1934
203,1892
204,1862
205,1866
206,1838
207,1852
208,1846
209,1840
210,1814
211,1838
212,1826
213,1844
214,1848
215,1868
216,1880
217,1896
218,1884
219,1868
220,1874
221,1876
222,1914
223,1914
224,1922
225,1920
226,1926
227,1948
228,1946
229,1924
230,1934
231,1894
232,1890
233,1846
234,1836
235,1802
236,1804
237,1802
238,1820
239,1834
240,1858
241,1864
242,1878
243,1882
244,1896
245,1928
246,1902
247,1914
248,1884
249,1898
250,1880
251,1868
252,1868
253,1840
254,1834
255,1838
0,1812
1,1828
2,1808
3,1792
4,1828
5,1798
6,1808
7,1800
8,1792
9,1780
10,1790
11,1814
12,1832
13,1870
14,1886
15,1886
16,1880
17,1846
18,1818
19,1790
20,1806
21,1788
22,1812
23,1824
24,1822
25,1812
26,1854
27,1848
28,1868
29,1860
30,1876
31,1866
32,1878
33,1858
34,1842
35,1840
36,1832
37,1844
38,1836
39,1828
40,1840
41,1818
42,1838
43,1826
44,1826
45,1868
46,1872
47,1920
48,1918
49,1964
50,1956
51,1972
52,1960
53,1950
54,1940
55,1900
56,1918
57,1854
58,1836
59,1822
60,1830
61,1842
62,1870
63,1880
64,1870
65,1900
66,1858
67,1868
68,1896
69,1882
70,1908
71,1898
72,1864
73,1866
74,1806
75,1808
76,1810
77,1830
78,1870
79,1882
80,1920
81,1928
82,1926
83,1950
84,1932
85,1970
86,1964
87,1972
88,1978
89,1990
90,1938
91,1932
92,1892
93,1856
94,1864
95,1896
96,1908
97,1934
98,1920
99,1928
100,1916
101,1926
102,1940
103,1896
104,1920
105,1858
106,1876
107,1864
108,1838
109,1842
110,1830
111,1810
112,1808
113,1826
114,1836
115,1852
116,1856
117,1838
118,1820
119,1822
120,1808
121,1816
122,1832
123,1848
124,1858
125,1868
126,1872
127,1872
128,1880
129,1884
130,1910
131,1892
132,1900
133,1864
134,1838
135,1848
136,1836
137,1854
138,1892
139,1860
140,1868
141,1836
142,1814
143,1826
144,1828
145,1852
146,1834
147,1854
148,1842
149,1832
150,1802
151,1806
152,1772
153,1772
154,1782
155,1814
156,1808
157,1860
158,1850
159,1856
160,1862
161,1872
162,1862
163,1892
164,1870
165,1872
166,1852
167,1812
168,1812
169,1778
170,1782
171,1800
172,1844
173,1870
174,1880
175,1886
176,1856
177,1888
178,1852
179,1864
180,1854
181,1836
182,1848
183,1844
184,1850
185,1846
186,1820
187,1786
188,1792
189,1766
190,1788
191,1776
192,1798
193,1790
194,1798
195,1790
196,1792
197,1778
198,1792
199,1802
200,1842
201,1810
202,1828
203,1844
204,1834
205,1836
206,1846
207,1870
208,1854
209,1904
210,1894
211,1890
212,1876
213,1848
214,1840
215,1824
216,1838
217,1816
218,1820
219,1812
220,1782
221,1786
222,1788
223,1790
224,1796
225,1826
226,1814
227,1806
228,1808
229,1768
230,1772
231,1730
232,1710
233,1718
234,1724
235,1754
236,1784
237,1794
238,1794
239,1766
240,1776
241,1750
242,1758
243,1786
244,1778
245,1786
246,1786
247,1788
248,1802
249,1780
250,1806
251,1796
252,1780
253,1814
254,1798
255,1838
0,1798
1,1796
2,1790
3,1798
4,1814
5,1810
6,1816
7,1802
8,1816
9,1788
10,1812
11,1786
12,1790
13,1804
14,1790
15,1774
16,1786
17,1784
18,1820
19,1856
20,1874
21,1850
22,1852
23,1788
24,1774
25,1746
26,1774
27,1764
28,1780
29,1774
30,1802
31,1792
32,1772
33,1754
34,1720
35,1718
36,1704
37,1722
38,1752
39,1766
40,1790
41,1792
42,1784
43,1784
44,1762
45,1780
46,1782
47,1800
48,1810
49,1812
50,1806
51,1788
52,1790
53,1784
54,1782
55,1762
56,1772
57,1772
58,1822
59,1814
60,1854
61,1850
62,1854
63,1834
64,1840
65,1832
66,1824
67,1852
68,1834
69,1852
70,1870
71,1880
72,1910
73,1904
74,1882
75,1848
76,1828
77,1790
78,1812
79,1786
80,1796
81,1784
82,1790
83,1810
84,1804
85,1840
86,1816
87,1814
88,1822
89,1792
90,1786
91,1802
92,1792
93,1802
94,1800
95,1818
96,1836
97,1842
98,1862
99,1884
100,1914
101,1930
102,1922
103,1902
104,1840
105,1842
106,1808
107,1824
108,1802
109,1830
110,1854
111,1844
112,1860
113,1838
114,1846
115,1828
116,1836
117,1824
118,1862
119,1860
120,1898
121,1902
122,1878
123,1888
124,1826
125,1830
126,1794
127,1828
128,1830
129,1846
130,1890
131,1882
132,1882
133,1870
134,1852
135,1822
136,1808
137,1754
138,1766
139,1778
140,1820
141,1826
142,1864
143,1888
144,1870
145,1860
146,1850
147,1834
148,1844
149,1836
150,1860
151,1846
152,1876
153,1810
154,1830
155,1772
156,1796
157,1776
158,1786
159,1788
160,1846
161,1826
162,1850
163,1834
164,1840
165,1816
166,1816
167,1838
168,1842
169,1888
170,1914
171,1954
172,1974
173,1984
174,1972
175,1970
176,1972
177,1940
178,1938
179,1890
180,1894
181,1880
182,1878
183,1874
184,1848
185,1862
186,1820
187,1852
188,1826
189,1818
190,1796
191,1796
192,1806
193,1832
194,1830
195,1866
196,1880
197,1898
198,1910
199,1918
200,1882
201,1896
202,1876
203,1854
204,1860
205,1860
206,1822
207,1832
208,1824
209,1810
210,1834
211,1846
212,1898
213,1934
214,1956
215,1950
216,1954
217,1964
218,1966
219,1966
220,2010
221,2022
222,2010
223,2016
224,1988
225,1996
226,1944
227,1928
228,1916
229,1902
230,1906
231,1876
232,1876
233,1890
234,1866
235,1882
236,1904
237,1910
238,1892
239,1888
240,1852
241,1838
242,1822
243,1850
244,1852
245,1874
246,1884
247,1872
248,1884
249,1874
250,1852
251,1844
252,1850
253,1858
254,1910
255,1904
0,1898
1,1880
2,1878
3,1854
4,1866
5,1880
6,1908
7,1908
8,1924
9,1940
10,1934
11,1946
12,1952
13,1944
14,1942
15,1952
16,1918
17,1958
18,1930
19,1954
20,1936
21,1946
22,1926
23,1926
24,1910
25,1910
26,1916
27,1916
28,1896
29,1896
30,1896
31,1884
32,1886
33,1880
34,1866
35,1878
36,1876
37,1888
38,1900
39,1916
40,1916
41,1918
42,1916
43,1902
44,1876
45,1860
46,1872
47,1846
48,1866
49,1854
50,1858
51,1850
52,1854
53,1812
54,1810
55,1802
56,1830
57,1850
58,1884
59,1920
60,1916
61,1964
62,1922
63,1946
64,1900
65,1920
66,1910
67,1918
68,1890
69,1898
70,1846
71,1830
72,1826
73,1808
74,1800
75,1804
76,1818
77,1830
78,1844
79,1880
80,1856
81,1894
82,1866
83,1862
84,1860
85,1864
86,1864
87,1896
88,1900
89,1924
90,1948
91,1936
92,1950
93,1944
94,1930
95,1926
96,1898
97,1892
98,1898
99,1872
100,1874
101,1852
102,1858
103,1836
104,1852
105,1832
106,1832
107,1844
108,1856
109,1848
110,1882
111,1856
112,1862
113,1842
114,1844
115,1820
116,1798
117,1786
118,1752
119,1768
120,1746
121,1762
122,1760
123,1788
124,1792
125,1802
126,1778
127,1796
128,1788
129,1776
130,1778
131,1766
132,1778
133,1796
134,1818
135,1828
136,1832
137,1874
138,1882
139,1910
140,1944
141,1960
142,1938
143,1938
144,1924
145,1890
146,1836
147,1834
148,1826
149,1810
150,1828
151,1834
152,1824
153,1812
154,1764
155,1780
156,1780
157,1772
158,1790
159,1808
160,1816
161,1790
162,1782
163,1748
164,1742
165,1758
166,1800
167,1756
168,1794
169,1794
170,1796
171,1784
172,1778
173,1718
174,1706
175,1690
176,1670
177,1686
178,1668
179,1686
180,1710
181,1758
182,1804
183,1874
184,1890
185,1920
186,1918
187,1928
188,1934
189,1946
190,1964
191,1956
192,1974
193,1908
194,1876
195,1824
196,1788
197,1746
198,1750
199,1736
200,1768
201,1780
202,1822
203,1810
204,1802
205,1792
206,1786
207,1778
208,1800
209,1812
210,1824
211,1846
212,1830
213,1824
214,1818
215,1816
216,1820
217,1816
218,1788
219,1784
220,1824
221,1816
222,1836
223,1832
224,1858
225,1818
226,1830
227,1834
228,1834
229,1844
230,1856
231,1832
232,1858
233,1880
234,1886
235,1902
236,1926
237,1910
238,1910
239,1884
240,1868
241,1840
242,1872
243,1812
244,1842
245,1780
246,1806
247,1794
248,1818
249,1810
250,1828
251,1834
252,1850
253,1868
254,1890
255,1862
0,1854
1,1834
2,1818
3,1822
4,1828
5,1806
6,1854
7,1822
8,1852
9,1840
10,1854
11,1852
12,1838
13,1840
14,1846
15,1826
16,1864
17,1872
18,1852
19,1854
20,1796
21,1762
22,1738
23,1720
24,1732
25,1760
26,1780
27,1782
28,1832
29,1812
30,1816
31,1808
32,1798
33,1790
34,1782
35,1784
36,1776
37,1804
38,1806
39,1816
40,1790
41,1794
42,1778
43,1792
44,1790
45,1788
46,1778
47,1794
48,1798
49,1806
50,1784
51,1798
52,1800
53,1820
54,1842
55,1828
56,1860
57,1852
58,1838
59,1836
60,1820
61,1854
62,1858
63,1872
64,1876
65,1876
66,1890
67,1866
68,1886
69,1888
70,1854
71,1880
72,1836
73,1842
74,1844
75,1856
76,1866
77,1854
78,1864
79,1848
80,1862
81,1842
82,1844
83,1824
84,1794
85,1782
86,1776
87,1784
88,1784
89,1794
90,1782
91,1780
92,1758
93,1758
94,1758
95,1756
96,1756
97,1774
98,1776
99,1788
100,1810
101,1810
102,1802
103,1794
104,1832
105,1862
106,1894
107,1942
108,1920
109,1898
110,1864
111,1822
112,1834
113,1832
114,1834
115,1856
116,1862
117,1828
118,1866
119,1852
120,1878
121,1884
122,1858
123,1850
124,1812
125,1818
126,1850
127,1848
128,1884
129,1874
130,1846
131,1830
132,1798
133,1808
134,1804
135,1852
136,1868
137,1858
138,1860
139,1808
140,1800
141,1782
142,1812
143,1818
144,1840
145,1826
146,1856
147,1854
148,1878
149,1862
150,1892
151,1888
152,1886
153,1890
154,1852
155,1846
156,1798
157,1816
158,1800
159,1816
160,1812
161,1806
162,1814
163,1804
164,1806
165,1788
166,1776
167,1766
168,1758
169,1750
170,1754
171,1762
172,1786
173,1786
174,1808
175,1788
176,1816
177,1800
178,1802
179,1786
180,1776
181,1802
182,1804
183,1806
184,1826
185,1780
186,1808
187,1760
188,1784
189,1800
190,1778
191,1760
192,1736
193,1726
194,1714
195,1702
196,1730
197,1754
198,1790
199,1782
200,1808
201,1788
202,1794
203,1800
204,1776
205,1790
206,1772
207,1816
208,1808
209,1882
210,1848
211,1844
212,1798
213,1764
214,1732
215,1732
216,1736
217,1764
218,1782
219,1794
220,1816
221,1812
222,1814
223,1820
224,1808
225,1838
226,1886
227,1912
228,1906
229,1926
230,1884
231,1870
232,1854
233,1804
234,1822
235,1832
236,1864
237,1854
238,1846
239,1862
240,1850
241,1860
242,1842
243,1846
244,1844
245,1826
246,1808
247,1818
248,1802
249,1828
250,1798
251,1814
252,1804
253,1806
254,1838
255,1826
0,1844
1,1844
2,1836
3,1826
4,1844
5,1830
6,1832
7,1844
8,1824
9,1818
10,1792
11,1802
12,1780
13,1824
14,1852
15,1890
16,1912
17,1934
18,1948
19,1950
20,1922
21,1944
22,1908
23,1874
24,1890
25,1852
26,1890
27,1848
28,1894
29,1882
30,1886
31,1904
32,1896
33,1860
34,1874
35,1882
36,1846
37,1868
38,1828
39,1816
40,1800
41,1792
42,1782
43,1782
44,1788
45,1814
46,1812
47,1824
48,1838
49,1828
50,1834
51,1824
52,1836
53,1834
54,1822
55,1814
56,1794
57,1804
58,1810
59,1820
60,1776
61,1780
62,1752
63,1754
64,1748
65,1780
66,1806
67,1848
68,1884
69,1908
70,1928
71,1928
72,1924
73,1922
74,1924
75,1944
76,1924
77,1900
78,1874
79,1822
80,1800
81,1788
82,1798
83,1838
84,1842
85,1882
86,1858
87,1870
88,1856
89,1848
90,1850
91,1818
92,1850
93,1822
94,1806
95,1840
96,1890
97,1872
98,1938
99,1914
100,1920
101,1904
102,1862
103,1846
104,1834
105,1852
106,1840
107,1874
108,1894
109,1874
110,1916
111,1878
112,1892
113,1858
114,1872
115,1892
116,1944
117,1970
118,1970
119,1960
120,1894
121,1866
122,1842
123,1810
124,1830
125,1838
126,1854
127,1860
128,1842
129,1842
130,1852
131,1820
132,1808
133,1818
134,1832
135,1846
136,1888
137,1890
138,1906
139,1914
140,1890
141,1914
142,1932
143,1914
144,1934
145,1924
146,1880
147,1846
148,1842
149,1830
150,1834
151,1852
152,1840
153,1810
154,1826
155,1808
156,1846
157,1868
158,1892
159,1912
160,1888
161,1898
162,1878
163,1858
164,1854
165,1874
166,1850
167,1880
168,1862
169,1842
170,1844
171,1792
172,1800
173,1812
174,1810
175,1832
176,1822
177,1830
178,1810
179,1830
180,1810
181,1808
182,1830
183,1814
184,1822
185,1832
186,1850
187,1830
188,1836
189,1858
190,1816
191,1830
192,1836
193,1820
194,1840
195,1826
196,1848
197,1842
198,1856
199,1826
200,1830
201,1790
202,1804
203,1816
204,1810
205,1848
206,1862
207,1878
208,1880
209,1886
210,1898
211,1868
212,1888
213,1884
214,1878
215,1868
216,1836
217,1870
218,1856
219,1886
220,1864
221,1878
222,1846
223,1806
224,1772
225,1744
226,1740
227,1744
228,1762
229,1774
230,1820
231,1822
232,1842
233,1852
234,1868
235,1866
236,1880
237,1906
238,1888
239,1924
240,1916
241,1930
242,1930
243,1920
244,1938
245,1926
246,1936
247,1926
248,1896
249,1882
250,1864
251,1824
252,1816
253,1804
254,1792
255,1798
0,1784
1,1790
2,1830
3,1862
4,1868
5,1906
6,1874
7,1904
8,1882
9,1854
10,1866
11,1854
12,1834
13,1842
14,1848
15,1850
16,1836
17,1832
18,1808
19,1780
20,1800
21,1802
22,1822
23,1856
24,1872
25,1870
26,1870
27,1842
28,1822
29,1800
30,1800
31,1848
32,1840
33,1888
34,1906
35,1950
36,1960
37,1966
38,1920
39,1902
40,1878
41,1860
42,1848
43,1844
44,1818
45,1804
46,1794
47,1752
48,1748
49,1728
50,1726
51,1756
52,1794
53,1832
54,1864
55,1848
56,1866
57,1888
58,1828
59,1862
60,1802
61,1802
62,1792
63,1802
64,1844
65,1890
66,1904
67,1940
68,1912
69,1868
70,1822
71,1784
72,1756
73,1734
74,1758
75,1786
76,1834
77,1852
78,1864
79,1856
80,1830
81,1836
82,1792
83,1806
84,1770
85,1806
86,1794
87,1796
88,1780
89,1746
90,1720
91,1702
92,1734
93,1758
94,1782
95,1806
96,1804
97,1780
98,1798
99,1770
100,1762
101,1774
102,1756
103,1776
104,1840
105,1866
106,1890
107,1938
108,1908
109,1916
110,1904
111,1904
112,1874
113,1880
114,1856
115,1864
116,1872
117,1904
118,1928
119,1894
120,1860
121,1848
122,1844
123,1834
124,1878
125,1884
126,1916
127,1906
128,1918
129,1882
130,1882
131,1836
132,1830
133,1834
134,1822
135,1846
136,1826
137,1844
138,1814
139,1784
140,1790
141,1756
142,1740
143,1738
144,1718
145,1730
146,1718
147,1722
148,1744
149,1778
150,1770
151,1766
152,1762
153,1758
154,1788
155,1820
156,1868
157,1904
158,1952
159,1978
160,1942
161,1936
162,1878
163,1838
164,1796
165,1794
166,1802
167,1826
168,1826
169,1848
170,1832
171,1802
172,1806
173,1786
174,1790
175,1800
176,1834
177,1896
178,1904
179,1948
180,1924
181,1926
182,1900
183,1850
184,1838
185,1838
186,1818
187,1814
188,1834
189,1856
190,1890
191,1864
192,1848
193,1782
194,1782
195,1772
196,1768
197,1792
198,1832
199,1862
200,1878
201,1884
202,1866
203,1870
204,1858
205,1870
206,1864
207,1884
208,1868
209,1866
210,1872
211,1822
212,1810
213,1774
214,1764
215,1770
216,1772
217,1810
218,1828
219,1862
220,1878
221,1870
222,1868
223,1834
224,1822
225,1816
226,1822
227,1832
228,1828
229,1838
230,1874
231,1898
232,1884
233,1892
234,1884
235,1878
236,1864
237,1874
238,1898
239,1912
240,1928
241,1912
242,1922
243,1870
244,1870
245,1858
246,1870
247,1890
248,1912
249,1932
250,1946
251,1922
252,1958
253,1916
254,1916
255,1892
0,1896
1,1906
2,1888
3,1922
4,1896
5,1904
6,1864
7,1852
8,1854
9,1856
10,1872
11,1876
12,1860
13,1896
14,1874
15,1902
16,1906
17,1886
18,1914
19,1880
20,1914
21,1900
22,1898
23,1916
24,1912
25,1972
26,1968
27,1948
28,1932
29,1894
30,1840
31,1850
32,1844
33,1860
34,1874
35,1912
36,1896
37,1904
38,1866
39,1874
40,1870
41,1868
42,1876
43,1912
44,1902
45,1918
46,1908
47,1884
48,1888
49,1848
50,1834
51,1838
52,1866
53,1892
54,1880
55,1904
56,1892
57,1872
58,1862
59,1838
60,1850
61,1848
62,1838
63,1854
64,1888
65,1908
66,1936
67,1950
68,1938
69,1894
70,1868
71,1834
72,1846
73,1860
74,1874
75,1906
76,1926
77,1922
78,1926
79,1920
80,1908
81,1904
82,1872
83,1858
84,1842
85,1880
86,1902
87,1954
88,1984
89,1972
90,1974
91,1918
92,1870
93,1858
94,1852
95,1858
96,1884
97,1866
98,1900
99,1868
100,1866
101,1860
102,1850
103,1856
104,1844
105,1898
106,1910
107,1952
108,1934
109,1934
110,1936
111,1912
112,1882
113,1880
114,1868
115,1896
116,1922
117,1944
118,1994
119,1984
120,2012
121,1990
122,1978
123,1964
124,1926
125,1920
126,1902
127,1910
128,1918
129,1938
130,1944
131,1926
132,1906
133,1892
134,1842
135,1822
136,1816
137,1838
138,1854
139,1854
140,1870
141,1858
142,1854
143,1866
144,1870
145,1890
146,1926
147,1940
148,1948
149,1970
150,1930
151,1914
152,1904
153,1868
154,1860
155,1892
156,1900
157,1954
158,1932
159,1960
160,1940
161,1934
162,1952
163,1920
164,1950
165,1906
166,1930
167,1948
168,1992
169,2000
170,2012
171,2002
172,1988
173,1980
174,1954
175,1936
176,1908
177,1854
178,1858
179,1858
180,1834
181,1840
182,1852
183,1848
184,1860
185,1856
186,1872
187,1908
188,1914
189,1914
190,1924
191,1894
192,1868
193,1796
194,1782
195,1756
196,1800
197,1856
198,1884
199,1948
200,1942
201,1958
202,1904
203,1890
204,1828
205,1834
206,1828
207,1852
208,1880
209,1900
210,1920
211,1930
212,1938
213,1902
214,1908
215,1906
216,1924
217,1936
218,1962
219,1972
220,1986
221,1968
222,1908
223,1868
224,1830
225,1810
226,1792
227,1780
228,1820
229,1844
230,1866
231,1896
232,1880
233,1876
234,1844
235,1846
236,1868
237,1882
238,1872
239,1886
240,1900
241,1906
242,1910
243,1874
244,1846
245,1850
246,1848
247,1856
248,1880
249,1882
250,1916
251,1930
252,1932
253,1936
254,1866
255,1854
0,1814
1,1810
2,1838
3,1838
4,1878
5,1890
6,1888
7,1890
8,1876
9,1864
10,1836
11,1846
12,1834
13,1826
14,1812
15,1832
16,1842
17,1850
18,1870
19,1822
20,1782
21,1788
22,1784
23,1812
24,1852
25,1900
26,1930
27,1974
28,1982
29,1938
30,1946
31,1894
32,1902
33,1924
34,1924
35,1976
36,1954
37,1980
38,1946
39,1946
40,1902
41,1912
42,1862
43,1864
44,1854
45,1890
46,1912
47,1936
48,1910
49,1874
50,1828
51,1816
52,1778
53,1818
54,1840
55,1866
56,1918
57,1904
58,1902
59,1888
60,1842
61,1818
62,1830
63,1792
64,1794
65,1826
66,1818
67,1848
68,1842
69,1860
70,1844
71,1830
72,1816
73,1818
74,1826
75,1852
76,1876
77,1872
78,1906
79,1900
80,1896
81,1914
82,1898
83,1930
84,1936
85,1956
86,1974
87,1992
88,1950
89,1938
90,1934
91,1918
92,1878
93,1832
94,1852
95,1900
96,2022
97,2054
98,2046
99,2000
100,2004
101,2086
102,2130
103,2092
104,1968
105,1966
106,1982
107,2084
108,2130
109,2082
110,2018
111,2014
112,2026
113,2048
114,2016
115,1938
116,1884
117,1882
118,1886
119,1852
120,1864
121,1798
122,1796
123,1764
124,1766
125,1830
126,1892
127,1954
128,1968
129,2000
130,2006
131,2012
132,1974
133,1964
134,1928
135,1946
136,1912
137,1902
138,1932
139,1948
140,1964
141,1962
142,1966
143,1898
144,1888
145,1920
146,1908
147,1936
148,1932
149,1968
150,2008
151,1980
152,2014
153,1982
154,1954
155,1972
156,2040
157,1962
158,1962
159,1986
160,1962
161,1960
162,1966
163,1970
164,1950
165,2014
166,2060
167,2042
168,2076
169,2068
170,2040
171,2026
172,1990
173,1914
174,1862
175,1872
176,1870
177,1900
178,1936
179,1962
180,1946
181,1938
182,1922
183,1906
184,1856
185,1842
186,1870
187,1880
188,1966
189,1974
190,1954
191,1956
192,1972
193,1972
194,1922
195,1914
196,1902
197,1926
198,1904
199,1904
200,1916
201,1930
202,1922
203,1934
204,1892
205,1842
206,1838
207,1884
208,1930
209,1942
210,1952
211,1936
212,1936
213,1948
214,1954
215,1950
216,1904
217,1932
218,1946
219,2002
220,2010
221,2024
222,1920
223,1874
224,1902
225,1928
226,1920
227,1904
228,1912
229,1912
230,1904
231,1948
232,1814
233,1788
234,1848
235,1802
236,1824
237,1826
238,1852
239,1842
240,1844
241,1914
242,1906
243,1874
244,1928
245,1876
246,1838
247,1818
248,1886
249,1928
250,1984
251,2046
252,2026
253,1944
254,1912
255,1888
0,1892
1,1866
2,1848
3,1814
4,1860
5,1838
6,1832
7,1762
8,1746
9,1720
10,1692
11,1752
12,1814
13,1870
14,1930
15,1944
16,2008
17,2010
18,2004
19,2044
20,1994
21,1954
22,1884
23,1884
24,1932
25,1888
26,1902
27,1952
28,1872
29,1782
30,1720
31,1728
32,1700
33,1674
34,1754
35,1834
36,1818
37,1852
38,1808
39,1788
40,1798
41,1786
42,1748
43,1880
44,1936
45,1896
46,1894
47,1920
48,1964
49,1900
50,1910
51,1886
52,1800
53,1732
54,1812
55,1846
56,1796
57,1830
58,1844
59,1820
60,1800
61,1806
62,1754
63,1760
64,1744
65,1798
66,1874
67,1866
68,1902
69,1930
70,1928
71,1882
72,1812
73,1852
74,1880
75,1896
76,1870
77,1832
78,1864
79,1820
80,1798
81,1798
82,1772
83,1750
84,1722
85,1756
86,1804
87,1782
88,1778
89,1758
90,1776
91,1768
92,1766
93,1792
94,1814
95,1828
96,1862
97,1912
98,1954
99,1974
100,1992
101,1960
102,1896
103,1870
104,1876
105,1820
106,1814
107,1804
108,1798
109,1810
110,1800
111,1796
112,1760
113,1720
114,1800
115,1848
116,1912
117,1874
118,1914
119,1876
120,1854
121,1896
122,1818
123,1774
124,1778
125,1782
126,1800
127,1872
128,1820
129,1822
130,1834
131,1844
132,1830
133,1934
134,1942
135,1954
136,1976
137,1964
138,2040
139,2044
140,2036
141,2000
142,2010
143,1978
144,1946
145,2002
146,2034
147,2036
148,2028
149,2030
150,2026
151,1936
152,1914
153,1876
154,1904
155,1898
156,1860
157,1878
158,1834
159,1850
160,1818
161,1806
162,1746
163,1728
164,1732
165,1826
166,1858
167,1886
168,1950
169,1972
170,1970
171,1974
172,2070
173,2068
174,1990
175,1946
176,1980
177,2030
178,2080
179,2054
180,2130
181,2150
182,2150
183,2106
184,2078
185,2026
186,1982
187,1970
188,2006
189,2058
190,2062
191,2002
192,2008
193,1932
194,1874
195,1828
196,1830
197,1828
198,1836
199,1866
200,1882
201,1900
202,1898
203,1858
204,1876
205,1902
206,1868
207,1868
208,1904
209,1840
210,1824
211,1828
212,1874
213,1858
214,1880
215,1878
216,1918
217,1918
218,1946
219,1976
220,2074
221,2054
222,2068
223,2066
224,2112
225,2154
226,2118
227,2046
228,1960
229,1892
230,1850
231,1868
232,1846
233,1804
234,1708
235,1740
236,1810
237,1884
238,1884
239,1872
240,1868
241,1940
242,1984
243,1992
244,1982
245,1944
246,1942
247,1944
248,1952
249,1906
250,1854
251,1812
252,1850
253,1848
254,1858
255,1848
0,1828
1,1900
2,1908
3,1986
4,1970
5,1914
6,1938
7,1934
8,1936
9,1886
10,1846
11,1840
12,1860
13,1870
14,1928
15,1910
16,1876
17,1892
18,1860
19,1870
20,1846
21,1864
22,1888
23,1928
24,2010
25,1980
26,1978
27,1998
28,1944
29,1818
30,1738
31,1754
32,1740
33,1720
34,1748
35,1786
36,1780
37,1866
38,1896
39,1946
40,1992
41,1986
42,2012
43,2044
44,2112
45,2108
46,2108
47,2084
48,1970
49,1938
50,1900
51,1820
52,1750
53,1718
54,1676
55,1718
56,1762
57,1830
58,1856
59,1846
60,1894
61,1998
62,2026
63,2094
64,2072
65,1988
66,1948
67,1994
68,1956
69,1888
70,1868
71,1808
72,1684
73,1700
74,1724
75,1800
76,1864
77,1892
78,1980
79,2014
80,1994
81,1992
82,1906
83,1840
84,1792
85,1808
86,1854
87,1882
88,1924
89,1946
90,1888
91,1894
92,1838
93,1798
94,1850
95,1902
96,2010
97,2040
98,2078
99,2078
100,1986
101,1934
102,1888
103,1816
104,1738
105,1666
106,1662
107,1570
108,1552
109,1570
110,1674
111,1766
112,1860
113,1986
114,2114
115,2222
116,2246
117,2290
118,2260
119,2144
120,2024
121,1934
122,1846
123,1746
124,1700
125,1638
126,1576
127,1590
128,1644
129,1694
130,1770
131,1852
132,1898
133,2016
134,2132
135,2230
136,2230
137,2212
138,2216
139,2184
140,2146
141,2140
142,2122
143,2006
144,1968
145,1978
146,1962
147,1958
148,2028
149,2098
150,2160
151,2132
152,2088
153,1992
154,1942
155,1904
156,1842
157,1808
158,1792
159,1798
160,1736
161,1666
162,1620
163,1648
164,1692
165,1810
166,1934
167,2000
168,2068
169,2174
170,2122
171,2140
172,2138
173,2068
174,1966
175,1902
176,1824
177,1798
178,1726
179,1654
180,1616
181,1672
182,1690
183,1712
184,1690
185,1724
186,1768
187,1796
188,1822
189,1902
190,1994
191,2002
192,2000
193,1904
194,1776
195,1720
196,1612
197,1520
198,1512
199,1546
200,1594
201,1534
202,1524
203,1590
204,1660
205,1724
206,1748
207,1760
208,1802
209,1830
210,1832
211,1862
212,1844
213,1856
214,1846
215,1826
216,1854
217,1878
218,1896
219,1864
220,1894
221,1850
222,1886
223,1956
224,2042
225,2082
226,2002
227,1922
228,1930
229,1902
230,1926
231,1882
232,1850
233,1802
234,1818
235,1900
236,2050
237,2042
238,2146
239,2274
240,2392
241,2498
242,2576
243,2542
244,2468
245,2372
246,2254
247,2118
248,2032
249,1958
250,1918
251,1926
252,1916
253,1902
254,1874
255,1828
0,1830
1,1848
2,1934
3,2048
4,2168
5,2178
6,2140
7,2212
8,2158
9,2022
10,1934
11,1922
12,1960
13,1994
14,2020
15,2008
16,1934
17,1828
18,1738
19,1658
20,1660
21,1670
22,1694
23,1652
24,1624
25,1556
26,1478
27,1486
28,1542
29,1558
30,1590
31,1642
32,1704
33,1816
34,1884
35,1954
36,1978
37,1972
38,2000
39,1996
40,1998
41,1958
42,1856
43,1742
44,1736
45,1702
46,1722
47,1694
48,1696
49,1612
50,1536
51,1532
52,1552
53,1622
54,1702
55,1696
56,1722
57,1722
58,1686
59,1536
60,1368
61,1234
62,1146
63,1094
64,1148
65,1182
66,1340
67,1628
68,1952
69,2156
70,2342
71,2608
72,2790
73,2902
74,2908
75,2850
76,2728
77,2518
78,2188
79,1904
80,1710
81,1616
82,1522
83,1428
84,1382
85,1422
86,1504
87,1598
88,1834
89,2052
90,2176
91,2328
92,2434
93,2500
94,2570
95,2536
96,2418
97,2308
98,2214
99,2056
100,1916
101,1890
102,1926
103,1936
104,2020
105,2122
106,2244
107,2312
108,2340
109,2296
110,2252
111,2176
112,2174
113,2092
114,1986
115,1880
116,1772
117,1580
118,1362
119,1266
120,1280
121,1388
122,1566
123,1742
124,1944
125,2060
126,2122
127,2236
128,2318
129,2386
130,2352
131,2274
132,2210
133,2044
134,1876
135,1678
136,1486
137,1332
138,1190
139,1082
140,1150
141,1276
142,1366
143,1426
144,1476
145,1610
146,1694
147,1842
148,1938
149,1954
150,1934
151,1830
152,1772
153,1596
154,1450
155,1320
156,1304
157,1276
158,1300
159,1266
160,1132
161,970
162,810
163,722
164,636
165,620
166,666
167,854
168,1098
169,1434
170,1798
171,2222
172,2628
173,2798
174,2910
175,3060
176,3188
177,3126
178,2916
179,2606
180,2306
181,2028
182,1712
183,1418
184,1136
185,982
186,916
187,1034
188,1260
189,1602
190,1812
191,2026
192,2162
193,2314
194,2492
195,2680
196,2798
197,2730
198,2648
199,2628
200,2534
201,2462
202,2286
203,2094
204,1794
205,1740
206,1812
207,1812
208,1792
209,1912
210,1970
211,1934
212,1956
213,2068
214,2144
215,2060
216,1910
217,1826
218,1768
219,1746
220,1616
221,1482
222,1486
223,1608
224,1638
225,1756
226,1986
227,2230
228,2362
229,2474
230,2676
231,2886
232,2916
233,2724
234,2522
235,2392
236,2178
237,1916
238,1636
239,1462
240,1304
241,1196
242,1134
243,1176
244,1224
245,1356
246,1478
247,1740
248,2044
249,2310
250,2424
251,2420
252,2356
253,2188
254,1968
255,1810
0,1624
1,1430
2,1286
3,1110
4,936
5,822
6,760
7,716
8,706
9,848
10,988
11,1024
12,1046
13,1110
14,1100
15,994
16,832
17,660
18,698
19,888
20,1288
21,1946
22,2670
23,3244
24,3594
25,3840
26,4102
27,4168
28,3814
29,3228
30,2548
31,2010
32,1534
33,1080
34,658
35,312
36,-20
37,-90
38,198
39,746
40,1252
41,1650
42,1974
43,2456
44,2928
45,3266
46,3462
47,3532
48,3490
49,3308
50,2954
51,2604
52,2260
53,1940
54,1600
55,1296
56,1358
57,1500
58,1572
59,1508
60,1498
61,1584
62,1622
63,1598
64,1720
65,1950
66,2056
67,2092
68,2092
69,2090
70,1986
71,1764
72,1506
73,1546
74,1856
75,2206
76,2374
77,2618
78,2910
79,3028
80,2994
81,2980
82,2946
83,2738
84,2524
85,2356
86,2178
87,1996
88,1658
89,1270
90,948
91,806
92,834
93,888
94,1098
95,1372
96,1624
97,1832
98,2152
99,2456
100,2564
101,2456
102,2314
103,2244
104,2196
105,2042
106,1784
107,1596
108,1422
109,1192
110,952
111,872
112,832
113,828
114,818
115,788
116,816
117,828
118,728
119,582
120,516
121,500
122,268
123,-18
124,-90
125,398
126,1442
127,2880
128,4192
129,4966
130,5040
131,5022
132,5042
133,4872
134,4002
135,2532
136,1218
137,530
138,130
139,-336
140,-882
141,-1264
142,-1334
143,-1034
144,-196
145,1044
146,2184
147,2814
148,3170
149,3764
150,4574
151,5176
152,5266
153,4906
154,4326
155,3690
156,3032
157,2422
158,1716
159,1012
160,384
161,-18
162,14
163,370
164,628
165,772
166,844
167,994
168,1280
169,1662
170,2158
171,2586
172,2754
173,2638
174,2364
175,2106
176,1882
177,1544
178,1166
179,954
180,1146
181,1602
182,2072
183,2546
184,2958
185,3288
186,3548
187,3790
188,3866
189,3702
190,3314
191,2776
192,2402
193,2082
194,1676
195,1138
196,580
197,164
198,-84
199,-6
200,336
201,846
202,1438
203,2132
204,2748
205,3292
206,3694
207,3766
208,3570
209,3236
210,2938
211,2678
212,2324
213,1944
214,1490
215,1006
216,586
217,134
218,-134
219,-164
220,-54
221,24
222,196
223,544
224,956
225,1266
226,1568
227,1876
228,1882
229,1438
230,618
231,130
232,532
233,1960
234,3816
235,5050
236,5082
237,4550
238,4440
239,4912
240,4774
241,3046
242,552
243,-872
244,-728
245,-128
246,-70
247,-428
248,-714
249,-744
250,-168
251,1096
252,2566
253,3374
254,3456
255,3546
0,4072
1,4886
2,5594
3,5830
4,5446
5,4376
6,2918
7,1646
8,938
9,576
10,-82
11,-944
12,-1276
13,-682
14,244
15,770
16,862
17,854
18,962
19,1072
20,1472
21,2402
22,3432
23,3880
24,3524
25,2962
26,2596
27,2198
28,1636
29,1078
30,832
31,910
32,1154
33,1654
34,2454
35,3138
36,3282
37,2986
38,2782
39,2712
40,2472
41,2028
42,1968
43,2306
44,2630
45,2620
46,2326
47,1792
48,1200
49,628
50,290
51,270
52,686
53,1342
54,2110
55,2890
56,3364
57,3458
58,3254
59,2976
60,2648
61,2280
62,2150
63,2314
64,2460
65,2358
66,1788
67,990
68,210
69,-222
70,-432
71,-500
72,-356
73,56
74,646
75,1266
76,1626
77,1890
78,2170
79,2224
80,1732
81,856
82,180
83,-160
84,-346
85,200
86,1882
87,4076
88,5390
89,5316
90,4576
91,4252
92,4226
93,3302
94,1224
95,-660
96,-856
97,382
98,1602
99,1716
100,850
101,-88
102,-156
103,674
104,1638
105,2566
106,3282
107,3600
108,3742
109,4314
110,5438
111,6294
112,6016
113,4148
114,1316
115,-600
116,-552
117,416
118,452
119,-642
120,-1346
121,-694
122,712
123,1818
124,2296
125,2486
126,2246
127,1598
128,1352
129,2198
130,3670
131,4276
132,3866
133,3052
134,2074
135,928
136,144
137,-112
138,-112
139,-430
140,-452
141,586
142,2362
143,3688
144,3714
145,3046
146,2390
147,2004
148,1968
149,2456
150,3508
151,4470
152,4572
153,3692
154,2478
155,1576
156,1026
157,540
158,-86
159,-644
160,-620
161,322
162,1794
163,2882
164,3180
165,3078
166,3058
167,3212
168,3144
169,2952
170,2960
171,3358
172,3686
173,3460
174,2614
175,1450
176,444
177,-414
178,-1032
179,-1320
180,-978
181,-156
182,616
183,916
184,958
185,1218
186,1978
187,2932
188,3344
189,2960
190,2228
191,1730
192,1338
193,528
194,-866
195,-2200
196,-2154
197,-74
198,3046
199,5014
200,4454
201,2532
202,1570
203,2670
204,4486
205,4918
206,3604
207,2234
208,2168
209,2950
210,3244
211,2452
212,928
213,-672
214,-1248
215,-412
216,1122
217,2392
218,3172
219,3560
220,3888
221,3906
222,3626
223,3070
224,2538
225,1848
226,924
227,342
228,1084
229,2528
230,2964
231,1830
232,516
233,382
234,1194
235,1700
236,1770
237,1900
238,2102
239,1916
240,1728
241,2364
242,3344
243,3412
244,2348
245,1334
246,1028
247,1030
248,824
249,666
250,768
251,856
252,904
253,1180
254,1708
255,1982
0,1610
1,1266
2,1700
3,2958
4,4152
5,4524
6,4144
7,3340
8,2562
9,2190
10,2264
11,2286
12,1638
13,664
14,272
15,630
16,1194
17,1480
18,1704
19,2084
20,2606
21,3164
22,3978
23,4616
24,4506
25,3442
26,2178
27,1614
28,1814
29,2266
30,2218
31,1346
32,284
33,-14
34,482
35,698
36,84
37,-696
38,-528
39,610
40,1914
41,2932
42,3732
43,4106
44,3494
45,2068
46,966
47,914
48,1258
49,1090
50,106
51,-1336
52,-2446
53,-2348
54,-946
55,762
56,1874
57,2232
58,2574
59,3480
60,5050
61,6536
62,6796
63,5424
64,3428
65,2552
66,3278
67,4438
68,4104
69,2036
70,-322
71,-1424
72,-1074
73,2
74,960
75,1138
76,776
77,382
78,366
79,928
80,2238
81,3666
82,3942
83,2848
84,2202
85,2994
86,4384
87,4548
88,3208
89,1712
90,1356
91,1852
92,2284
93,2196
94,1592
95,734
96,66
97,344
98,1284
99,2048
100,2060
101,1778
102,1450
103,916
104,282
105,172
106,698
107,1480
108,2072
109,2530
110,2764
111,2302
112,1250
113,316
114,462
115,1610
116,2810
117,3288
118,3332
119,3524
120,3764
121,3608
122,2844
123,1842
124,1142
125,1104
126,1646
127,2322
128,2618
129,2454
130,2296
131,2386
132,2472
133,1998
134,1340
135,1438
136,2336
137,3118
138,3186
139,2884
140,2852
141,2990
142,2670
143,1672
144,720
145,782
146,1490
147,1544
148,862
149,608
150,1098
151,1594
152,1486
153,864
154,260
155,140
156,686
157,1474
158,2034
159,2106
160,2036
161,2084
162,1792
163,534
164,-1246
165,-2232
166,-1826
167,-868
168,124
169,1578
170,3626
171,5154
172,4758
173,3048
174,2444
175,3994
176,6230
177,6514
178,4626
179,2902
180,2894
181,3510
182,2634
183,80
184,-2420
185,-3394
186,-2460
187,-384
188,1412
189,1956
190,1586
191,1008
192,838
193,1552
194,3342
195,5416
196,6026
197,4614
198,2878
199,2670
200,3864
201,4440
202,3194
203,1038
204,-338
205,-148
206,930
207,1570
208,1500
209,844
210,288
211,-38
212,132
213,752
214,1692
215,2458
216,2512
217,1932
218,1406
219,1690
220,2756
221,3420
222,2830
223,1356
224,78
225,-126
226,486
227,1186
228,1430
229,1520
230,1862
231,2176
232,2082
233,1818
234,2092
235,2936
236,3736
237,4050
238,4014
239,3740
240,3110
241,2206
242,1310
243,770
244,716
245,1210
246,2226
247,3288
248,3638
249,3246
250,2816
251,2360
252,1776
253,1390
254,1678
255,2436
0,3034
1,3248
2,3312
3,3260
4,2888
5,1886
6,380
7,-952
8,-1582
9,-1412
10,-706
11,268
12,1514
13,2724
14,3506
15,3396
16,2420
17,1350
18,778
19,676
20,568
21,370
22,398
23,896
24,1584
25,2060
26,1698
27,102
28,-1866
29,-2372
30,-456
31,2464
32,4470
33,4970
34,5296
35,6258
36,6952
37,5960
38,3662
39,1846
40,1372
41,1688
42,1616
43,834
44,-344
45,-886
46,-448
47,-10
48,-106
49,-592
50,-760
51,16
52,1944
53,4430
54,6246
55,6458
56,5672
57,4336
58,3168
59,2280
60,1914
61,1866
62,1404
63,558
64,296
65,932
66,1708
67,1448
68,494
69,-350
70,-770
71,-740
72,186
73,2116
74,3954
75,4280
76,3598
77,3292
78,3676
79,3520
80,2318
81,780
82,-228
83,-522
84,-366
85,136
86,756
87,1274
88,1380
89,1258
90,1366
91,1798
92,2648
93,3710
94,4334
95,3938
96,2796
97,2186
98,2496
99,3160
100,3354
101,2944
102,2304
103,1738
104,1244
105,1084
106,1230
107,1688
108,2442
109,3344
110,3938
111,3810
112,3570
113,3372
114,2806
115,1716
116,928
117,1280
118,2270
119,2588
120,1960
121,1082
122,580
123,356
124,-142
125,-510
126,-132
127,780
128,1526
129,1910
130,2334
131,2730
132,2642
133,2130
134,1416
135,806
136,466
137,598
138,1124
139,1658
140,2064
141,2298
142,2092
143,928
144,-934
145,-2500
146,-2630
147,-950
148,1768
149,4278
150,5510
151,5512
152,5054
153,5274
154,5926
155,5368
156,2996
157,740
158,654
159,2078
160,2482
161,1146
162,-648
163,-1442
164,-712
165,452
166,1072
167,1122
168,1178
169,1530
170,1648
171,1802
172,2780
173,3980
174,4290
175,3092
176,1754
177,1948
178,3174
179,3656
180,2546
181,690
182,-94
183,484
184,2018
185,3356
186,3466
187,2326
188,734
189,-110
190,294
191,1302
192,2248
193,2474
194,2120
195,1724
196,1590
197,1752
198,1428
199,102
200,-1730
201,-2578
202,-1250
203,1390
204,3396
205,3734
206,2952
207,2246
208,2460
209,3358
210,4096
211,4044
212,3404
213,3284
214,4258
215,5462
216,5394
217,3492
218,750
219,-1422
220,-2220
221,-1784
222,-668
223,642
224,1856
225,2590
226,2848
227,2988
228,3208
229,3392
230,3336
231,3068
232,3466
233,4918
234,6356
235,6004
236,3644
237,742
238,-1098
239,-1872
240,-2158
241,-2340
242,-1970
243,-846
244,634
245,1608
246,1912
247,1940
248,2160
249,2432
250,2392
251,2412
252,3286
253,4764
254,5266
255,3942
0,1960
1,906
2,944
3,948
4,304
5,-574
6,-1226
7,-1208
8,-554
9,630
10,1232
11,434
12,-884
13,-702
14,1482
15,4232
16,5856
17,5986
18,5146
19,4264
20,4132
21,4262
22,3258
23,878
24,-978
25,-590
26,1332
27,2486
28,1494
29,-530
30,-1716
31,-1394
32,-472
33,354
34,1364
35,2694
36,3842
37,4402
38,4860
39,5512
40,5558
41,4184
42,1830
43,314
44,626
45,1966
46,2494
47,1330
48,-312
49,-902
50,-92
51,1030
52,1482
53,1208
54,860
55,1162
56,2010
57,3216
58,4230
59,4352
60,2996
61,776
62,-526
63,-158
64,1186
65,2060
66,1654
67,632
68,94
69,568
70,1572
71,2230
72,2362
73,2308
74,2736
75,3954
76,5270
77,5624
78,4550
79,2868
80,1538
81,940
82,658
83,522
84,446
85,332
86,170
87,216
88,606
89,1196
90,1830
91,2438
92,3018
93,3578
94,4238
95,5032
96,5354
97,4358
98,2352
99,920
100,1128
101,2118
102,2338
103,1332
104,114
105,-470
106,-398
107,-152
108,-68
109,-60
110,348
111,1276
112,2492
113,3644
114,4468
115,4766
116,4220
117,3088
118,2256
119,2710
120,3644
121,3766
122,2412
123,748
124,-64
125,52
126,618
127,678
128,2
129,-966
130,-1252
131,-448
132,750
133,1288
134,1134
135,968
136,1164
137,1352
138,1460
139,2028
140,2748
141,2914
142,2522
143,2628
144,3680
145,4908
146,5354
147,4768
148,3644
149,2612
150,1982
151,1758
152,1780
153,1576
154,810
155,-482
156,-1394
157,-1130
158,-270
159,338
160,450
161,476
162,1036
163,2166
164,3556
165,4460
166,4422
167,3576
168,2628
169,2734
170,4106
171,5342
172,4876
173,2898
174,892
175,-14
176,92
177,522
178,654
179,468
180,446
181,828
182,1174
183,866
184,116
185,-160
186,466
187,1574
188,2738
189,3824
190,4544
191,4258
192,3066
193,1896
194,1576
195,1800
196,1886
197,1732
198,1766
199,2022
200,2038
201,1626
202,1226
203,1322
204,2032
205,2634
206,2806
207,2654
208,2698
209,2902
210,2782
211,2134
212,1356
213,1030
214,980
215,772
216,328
217,626
218,1920
219,2998
220,2648
221,1468
222,1016
223,1932
224,3224
225,4120
226,4526
227,4592
228,4320
229,3732
230,3274
231,3046
232,2526
233,1304
234,-366
235,-1840
236,-2444
237,-1888
238,-428
239,810
240,1204
241,1026
242,1242
243,1944
244,2716
245,3048
246,3126
247,3530
248,4154
249,4508
250,4352
251,3858
252,3020
253,1580
254,-202
255,-1472
0,-1656
1,-1010
2,-496
3,-504
4,-680
5,-654
6,-410
7,-286
8,-34
9,842
10,2386
11,4436
12,6316
13,7396
14,7224
15,5914
16,4354
17,3120
18,2282
19,1598
20,846
21,328
22,218
23,412
24,220
25,-810
26,-2056
27,-2392
28,-1472
29,144
30,1650
31,2868
32,4056
33,5088
34,5606
35,5480
36,4988
37,4150
38,2848
39,1486
40,712
41,624
42,984
43,1216
44,1232
45,776
46,-172
47,-612
48,-154
49,674
50,996
51,1216
52,2192
53,3592
54,4144
55,3462
56,2324
57,1630
58,1448
59,1530
60,1558
61,1320
62,1050
63,1022
64,1416
65,1952
66,2332
67,2562
68,2708
69,2686
70,2398
71,2220
72,2474
73,2854
74,2846
75,2512
76,2422
77,2560
78,2332
79,1508
80,478
81,-192
82,-290
83,132
84,986
85,1836
86,2246
87,2410
88,3112
89,4190
90,4670
91,3864
92,2516
93,1982
94,2458
95,2956
96,3146
97,3196
98,3024
99,1970
100,350
101,-974
102,-1416
103,-1252
104,-1052
105,-818
106,100
107,1540
108,2744
109,3060
110,2774
111,2208
112,1770
113,2028
114,3036
115,4158
116,4488
117,4046
118,3334
119,2642
120,1782
121,578
122,-590
123,-1182
124,-1042
125,-446
126,328
127,1104
128,1772
129,1860
130,1408
131,542
132,-216
133,-390
134,396
135,1780
136,2968
137,3638
138,3872
139,3888
140,3562
141,2918
142,2108
143,1576
144,1798
145,2636
146,3534
147,3746
148,3202
149,2190
150,1264
151,480
152,-140
153,-530
154,-302
155,276
156,652
157,782
158,1082
159,1560
160,1862
161,1766
162,1814
163,2516
164,3436
165,3856
166,3752
167,3502
168,3072
169,2402
170,1648
171,1166
172,928
173,920
174,1120
175,1330
176,1212
177,512
178,-116
179,-70
180,530
181,1362
182,2128
183,2878
184,3244
185,3284
186,3340
187,3548
188,3350
189,2514
190,1618
191,1480
192,1980
193,2374
194,2198
195,1748
196,1452
197,1158
198,704
199,274
200,478
201,1286
202,2328
203,3132
204,3528
205,3634
206,3408
207,3022
208,2580
209,2078
210,1686
211,1894
212,2604
213,3016
214,2594
215,1782
216,1176
217,638
218,-88
219,-656
220,-616
221,-86
222,754
223,1560
224,2494
225,3164
226,3080
227,2168
228,1330
229,1492
230,2274
231,2948
232,3310
233,3094
234,2462
235,1854
236,1726
237,1716
238,1228
239,656
240,634
241,1384
242,2246
243,2684
244,2728
245,2484
246,1902
247,970
248,346
249,870
250,2166
251,2920
252,2616
253,1756
254,1134
255,804
0,496
1,256
2,236
3,566
4,1190
5,1984
6,2752
7,3236
8,3272
9,2736
10,1842
11,1326
12,1444
13,1912
14,2068
15,1814
16,1536
17,1410
18,1518
19,1590
20,1570
21,1578
22,1578
23,1540
24,1462
25,1596
26,2176
27,2696
28,2868
29,2468
30,2090
31,1846
32,1812
33,1684
34,1532
35,1484
36,1592
37,1762
38,1872
39,1850
40,1774
41,1576
42,1208
43,900
44,856
45,1328
46,1928
47,2252
48,2252
49,2380
50,2832
51,3118
52,2822
53,2290
54,2266
55,2578
56,2676
57,2530
58,2546
59,2666
60,2546
61,2270
62,2352
63,2670
64,2558
65,1556
66,526
67,490
68,1334
69,2140
70,2304
71,1988
72,1548
73,1276
74,1364
75,1618
76,1566
77,1402
78,1584
79,2278
80,2884
81,3186
82,3352
83,3324
84,2626
85,1320
86,436
87,738
88,1472
89,1576
90,1038
91,912
92,1466
93,2158
94,2198
95,1788
96,1278
97,1100
98,1650
99,2842
100,3988
101,4432
102,3972
103,2782
104,1476
105,728
106,802
107,1212
108,1400
109,1106
110,710
111,860
112,1530
113,1874
114,1390
115,522
116,266
117,832
118,1838
119,2846
120,3498
121,3554
122,3006
123,2144
124,1516
125,1328
126,1302
127,1208
128,1176
129,1494
130,1962
131,2028
132,1514
133,726
134,250
135,236
136,748
137,1380
138,1998
139,2388
140,2532
141,2312
142,1902
143,1514
144,1442
145,1934
146,2638
147,3014
148,3016
149,2968
150,3054
151,2982
152,2418
153,1592
154,1042
155,1138
156,1422
157,1464
158,1326
159,1394
160,1720
161,2018
162,1966
163,1584
164,1188
165,894
166,938
167,1372
168,2198
169,2784
170,2772
171,2322
172,1912
173,1746
174,1724
175,1624
176,1732
177,2232
178,2880
179,3268
180,3378
181,3248
182,2952
183,2378
184,1778
185,1558
186,2006
187,2614
188,2736
189,2172
190,1390
191,830
192,532
193,304
194,-16
195,-290
196,-124
197,742
198,2078
199,3292
200,3714
201,3328
202,2666
203,2358
204,2582
205,3038
206,3510
207,3790
208,3804
209,3648
210,3104
211,2288
212,1296
213,484
214,8
215,-198
216,-114
217,204
218,636
219,1130
220,1612
221,1864
222,1804
223,1674
224,1764
225,1996
226,2208
227,2446
228,2974
229,3532
230,3560
231,2888
232,1784
233,916
234,646
235,826
236,1064
237,1170
238,1298
239,1450
240,1484
241,1266
242,824
243,454
244,448
245,848
246,1606
247,2350
248,2926
249,3190
250,3104
251,2674
252,2210
253,1922
254,1964
255,2208
0,2386
1,2378
2,2288
3,2332
4,2234
5,1734
6,1108
7,732
8,784
9,1098
10,1504
11,1918
12,2158
13,2246
14,2086
15,1772
16,1646
17,1760
18,2036
19,2120
20,2036
21,2000
22,2146
23,2324
24,2286
25,1986
26,1570
27,1334
28,1438
29,1478
30,1274
31,1034
32,926
33,800
34,748
35,900
36,1288
37,1458
38,1276
39,956
40,1054
41,1534
42,2112
43,2508
44,2842
45,3010
46,3110
47,3218
48,3334
49,3256
50,2772
51,2110
52,1716
53,1670
54,1620
55,1392
56,1226
57,1106
58,872
59,672
60,758
61,1178
62,1704
63,2148
64,2466
65,2728
66,3018
67,3282
68,3294
69,3064
70,2810
71,2636
72,2616
73,2548
74,2362
75,2076
76,1976
77,1920
78,1736
79,1510
80,1342
81,1312
82,1026
83,700
84,752
85,1178
86,1636
87,1826
88,1726
89,1668
90,1726
91,1772
92,1724
93,1736
94,1752
95,1766
96,1792
97,1894
98,2094
99,2252
100,2174
101,1768
102,1110
103,566
104,662
105,1152
106,1584
107,1722
108,1768
109,1848
110,1834
111,1602
112,1422
113,1530
114,1984
115,2330
116,2402
117,2390
118,2420
119,2574
120,2640
121,2518
122,2342
123,2124
124,1960
125,1850
126,1732
127,1588
128,1484
129,1606
130,1824
131,1880
132,1830
133,1862
134,2056
135,1994
136,1664
137,1226
138,980
139,1072
140,1444
141,1998
142,2392
143,2420
144,2062
145,1606
146,1334
147,1270
148,1082
149,868
150,774
151,1014
152,1402
153,1638
154,1690
155,1624
156,1388
157,1102
158,920
159,1056
160,1574
161,2348
162,2964
163,3212
164,3104
165,3064
166,3102
167,2986
168,2730
169,2416
170,2268
171,2210
172,2098
173,1794
174,1488
175,1318
176,1200
177,954
178,702
179,792
180,1038
181,1252
182,1318
183,1474
184,1724
185,1920
186,1998
187,2086
188,2306
189,2630
190,3068
191,3462
192,3736
193,3760
194,3662
195,3522
196,3098
197,2402
198,1690
199,1462
200,1430
201,1230
202,884
203,664
204,612
205,482
206,332
207,408
208,746
209,954
210,1116
211,1414
212,1994
213,2506
214,2732
215,2876
216,3010
217,3186
218,3350
219,3334
220,3182
221,2654
222,2038
223,1590
224,1440
225,1462
226,1276
227,928
228,482
229,188
230,160
231,422
232,834
233,1254
234,1574
235,1968
236,2414
237,2786
238,3060
239,3230
240,3316
241,3248
242,2938
243,2632
244,2364
245,2122
246,1862
247,1516
248,1184
249,838
250,492
251,366
252,420
253,596
254,804
255,960
0,1090
1,1334
2,1870
3,2550
4,3188
5,3510
6,3336
7,2954
8,2684
9,2546
10,2490
11,2466
12,2350
13,2190
14,2088
15,2008
16,1746
17,1200
18,526
19,148
20,292
21,710
22,1248
23,1776
24,2272
25,2550
26,2418
27,2102
28,1990
29,2280
30,2486
31,2512
32,2576
33,2886
34,3196
35,3156
36,2810
37,2282
38,1740
39,1264
40,1052
41,1152
42,1432
43,1698
44,1648
45,1326
46,852
47,478
48,484
49,564
50,698
51,882
52,1322
53,1894
54,2436
55,2758
56,2756
57,2566
58,2526
59,2716
60,2992
61,3174
62,3078
63,2884
64,2580
65,2270
66,1908
67,1650
68,1466
69,1186
70,872
71,756
72,1024
73,1372
74,1366
75,978
76,792
77,1056
78,1654
79,2200
80,2398
81,2444
82,2604
83,2932
84,3146
85,3218
86,3154
87,2986
88,2662
89,2460
90,2372
91,2394
92,2150
93,1670
94,1100
95,784
96,734
97,712
98,614
99,434
100,416
101,548
102,844
103,1266
104,1638
105,1876
106,2126
107,2430
108,2672
109,2738
110,2782
111,2896
112,2976
113,2914
114,2692
115,2408
116,1946
117,1422
118,1126
119,1152
120,1296
121,1344
122,1278
123,1132
124,884
125,612
126,614
127,1080
128,1626
129,2126
130,2552
131,2916
132,3052
133,2804
134,2514
135,2348
136,2428
137,2520
138,2452
139,2326
140,2276
141,2178
142,1868
143,1328
144,832
145,390
146,254
147,524
148,1002
149,1354
150,1426
151,1498
152,1756
153,1940
154,1942
155,1800
156,1940
157,2328
158,2852
159,3156
160,3114
161,2676
162,2084
163,1520
164,1064
165,752
166,702
167,894
168,1266
169,1418
170,1386
171,1382
172,1586
173,1774
174,1704
175,1586
176,1740
177,2254
178,2778
179,3004
180,3050
181,3016
182,2882
183,2632
184,2250
185,1768
186,1428
187,1278
188,1372
189,1556
190,1624
191,1384
192,1114
193,868
194,744
195,670
196,800
197,1208
198,1716
199,2108
200,2406
201,2692
202,2924
203,2870
204,2620
205,2492
206,2512
207,2628
208,2692
209,2744
210,2656
211,2320
212,1830
213,1432
214,1130
215,850
216,644
217,592
218,742
219,958
220,1082
221,1248
222,1464
223,1682
224,1734
225,1700
226,1700
227,1706
228,1800
229,2092
230,2526
231,2906
232,3116
233,3056
234,2810
235,2406
236,2078
237,1832
238,1764
239,1752
240,1880
241,2014
242,2022
243,1846
244,1504
245,1192
246,1068
247,1008
248,1088
249,1242
250,1508
251,1668
252,1752
253,1878
254,1992
255,2012
0,1986
1,2044
2,2306
3,2598
4,2738
5,2640
6,2466
7,2228
8,2038
9,1846
10,1728
11,1652
12,1556
13,1344
14,1144
15,1078
16,1054
17,1014
18,986
19,968
20,1060
21,1270
22,1598
23,1898
24,2144
25,2342
26,2410
27,2408
28,2316
29,2230
30,2346
31,2444
32,2288
33,1984
34,1792
35,1772
36,1582
37,1172
38,778
39,704
40,864
41,1000
42,1102
43,1450
44,1786
45,1788
46,1630
47,1704
48,1988
49,2326
50,2652
51,2948
52,3184
53,3252
54,3178
55,2964
56,2652
57,2262
58,1822
59,1656
60,1690
61,1706
62,1586
63,1452
64,1322
65,1156
66,978
67,836
68,920
69,1188
70,1520
71,1916
72,2334
73,2618
74,2776
75,2774
76,2794
77,2700
78,2654
79,2718
80,2822
81,2832
82,2610
83,2246
84,1856
85,1618
86,1286
87,926
88,640
89,472
90,574
91,768
92,1030
93,1204
94,1288
95,1300
96,1480
97,1710
98,2086
99,2444
100,2892
101,3226
102,3330
103,3184
104,2946
105,2728
106,2464
107,2112
108,1838
109,1682
110,1518
111,1348
112,1080
113,992
114,978
115,994
116,900
117,842
118,992
119,1222
120,1368
121,1486
122,1780
123,2134
124,2408
125,2478
126,2586
127,2736
128,2774
129,2568
130,2318
131,2072
132,1886
133,1698
134,1606
135,1606
136,1528
137,1292
138,958
139,618
140,418
141,470
142,646
143,880
144,1054
145,1262
146,1486
147,1798
148,1998
149,2112
150,2150
151,2286
152,2466
153,2730
154,3034
155,3062
156,2822
157,2408
158,1956
159,1528
160,1292
161,1248
162,1294
163,1178
164,986
165,906
166,1128
167,1420
168,1502
169,1450
170,1516
171,1896
172,2384
173,2746
174,2996
175,3086
176,3106
177,2948
178,2634
179,2390
180,2134
181,1936
182,1862
183,1884
184,1890
185,1824
186,1598
187,1204
188,716
189,372
190,364
191,678
192,1178
193,1590
194,1926
195,2236
196,2464
197,2504
198,2322
199,2132
200,2072
201,2048
202,2170
203,2358
204,2544
205,2536
206,2190
207,1828
208,1488
209,1294
210,1166
211,1164
212,1282
213,1332
214,1404
215,1494
216,1722
217,1884
218,1822
219,1798
220,1900
221,2242
222,2488
223,2584
224,2604
225,2538
226,2448
227,2352
228,2336
229,2196
230,2014
231,1878
232,1834
233,1756
234,1564
235,1320
236,1238
237,1174
238,1060
239,916
240,1040
241,1358
242,1576
243,1578
244,1472
245,1538
246,1636
247,1822
248,1974
249,2122
250,2322
251,2446
252,2374
253,2074
254,1642
255,1354
0,1244
1,1292
2,1246
3,1266
4,1252
5,1198
6,1036
7,832
8,796
9,908
10,1052
11,1212
12,1432
13,1724
14,1966
15,2162
16,2174
17,2066
18,1916
19,1894
20,2008
21,2192
22,2248
23,2100
24,2000
25,1970
26,1870
27,1810
28,1792
29,1762
30,1662
31,1572
32,1560
33,1740
34,2008
35,2186
36,2166
37,2084
38,2006
39,2038
40,2042
41,2062
42,2024
43,1978
44,1890
45,1880
46,1946
47,1950
48,1796
49,1632
50,1588
51,1644
52,1822
53,1948
54,2084
55,2072
56,1966
57,1866
58,1830
59,1752
60,1632
61,1644
62,1900
63,2200
64,2248
65,2188
66,2136
67,2076
68,1876
69,1616
70,1588
71,1790
72,1920
73,1910
74,1866
75,1844
76,1836
77,1708
78,1646
79,1600
80,1664
81,1668
82,1728
83,1796
84,1772
85,1692
86,1738
87,1964
88,2136
89,2180
90,2162
91,2156
92,2218
93,2188
94,2192
95,2142
96,2208
97,2182
98,2084
99,1986
100,1864
101,1666
102,1500
103,1336
104,1222
105,1176
106,1338
107,1528
108,1718
109,1730
110,1738
111,1712
112,1760
113,1740
114,1738
115,1830
116,1922
117,1992
118,2070
119,2094
120,2002
121,1774
122,1442
123,1186
124,1130
125,1170
126,1166
127,1140
128,1104
129,1146
130,1288
131,1406
132,1538
133,1676
134,1778
135,1944
136,2100
137,2216
138,2250
139,2224
140,2254
141,2268
142,2164
143,2054
144,1984
145,1988
146,1854
147,1626
148,1492
149,1548
150,1694
151,1830
152,1870
153,1902
154,1874
155,1840
156,1816
157,1780
158,1776
159,1690
160,1734
161,1856
162,1984
163,2050
164,2130
165,2198
166,2136
167,1948
168,1866
169,1890
170,1956
171,1980
172,1970
173,2086
174,2152
175,2142
176,1952
177,1754
178,1558
179,1482
180,1602
181,1806
182,1940
183,1976
184,2012
185,2102
186,2150
187,2026
188,1944
189,2062
190,2322
191,2398
192,2340
193,2138
194,2012
195,1892
196,1774
197,1604
198,1470
199,1444
200,1590
201,1652
202,1668
203,1584
204,1664
205,1782
206,1834
207,1838
208,1844
209,2050
210,2194
211,2238
212,2046
213,2000
214,2070
215,2282
216,2312
217,2160
218,2014
219,1956
220,1906
221,1826
222,1830
223,1850
224,1968
225,1972
226,2000
227,1912
228,1750
229,1522
230,1370
231,1326
232,1288
233,1390
234,1586
235,1810
236,1892
237,1718
238,1614
239,1650
240,1698
241,1634
242,1700
243,1878
244,2064
245,2054
246,2064
247,2040
248,1960
249,1756
250,1526
251,1438
252,1490
253,1404
254,1316
255,1262
0,1318
1,1394
2,1492
3,1556
4,1594
5,1616
6,1682
7,1836
8,1956
9,2076
10,2158
11,2342
12,2456
13,2456
14,2260
15,2130
16,1986
17,1810
18,1632
19,1598
20,1646
21,1688
22,1600
23,1574
24,1634
25,1662
26,1670
27,1718
28,1820
29,2062
30,2326
31,2598
32,2636
33,2482
34,2298
35,2266
36,2238
37,2178
38,2102
39,2004
40,2074
41,2014
42,1864
43,1702
44,1626
45,1616
46,1574
47,1532
48,1584
49,1766
50,1890
51,1886
52,1798
53,1706
54,1668
55,1680
56,1746
57,1808
58,1886
59,1880
60,1956
61,1986
62,2134
63,2166
64,2190
65,2150
66,2118
67,2118
68,2060
69,1938
70,1798
71,1698
72,1656
73,1670
74,1626
75,1566
76,1496
77,1538
78,1592
79,1578
80,1556
81,1716
82,1960
83,2126
84,2198
85,2178
86,2212
87,2228
88,2218
89,2172
90,2164
91,2118
92,2116
93,2050
94,1930
95,1726
96,1594
97,1492
98,1440
99,1406
100,1276
101,1230
102,1314
103,1532
104,1736
105,1950
106,2066
107,2146
108,2166
109,2118
110,2040
111,1908
112,1794
113,1756
114,1824
115,1818
116,1830
117,1774
118,1756
119,1602
120,1432
121,1298
122,1328
123,1428
124,1580
125,1742
126,1916
127,2006
128,1936
129,1886
130,1812
131,1820
132,1876
133,1972
134,2108
135,2206
136,2164
137,1956
138,1766
139,1624
140,1604
141,1620
142,1744
143,1814
144,1808
145,1730
146,1758
147,1744
148,1746
149,1694
150,1708
151,1800
152,1974
153,2138
154,2228
155,2166
156,2006
157,1938
158,1958
159,2066
160,2122
161,2114
162,2064
163,2034
164,1946
165,1750
166,1642
167,1654
168,1772
169,1840
170,1800
171,1800
172,1886
173,1918
174,1906
175,1874
176,1856
177,1934
178,2046
179,2130
180,2096
181,2024
182,1982
183,1936
184,1862
185,1800
186,1752
187,1734
188,1816
189,1866
190,1804
191,1714
192,1724
193,1774
194,1778
195,1806
196,1792
197,1834
198,1890
199,1938
200,2030
201,2056
202,2116
203,2082
204,2118
205,2114
206,2206
207,2226
208,2236
209,2130
210,1956
211,1836
212,1728
213,1578
214,1390
215,1340
216,1358
217,1418
218,1372
219,1396
220,1386
221,1448
222,1484
223,1576
224,1642
225,1782
226,1924
227,1992
228,2104
229,2134
230,2158
231,2230
232,2194
233,2084
234,1950
235,1864
236,1790
237,1672
238,1560
239,1492
240,1520
241,1558
242,1516
243,1500
244,1466
245,1534
246,1622
247,1628
248,1652
249,1750
250,1888
251,1948
252,1938
253,1960
254,2026
255,2164
0,2182
1,2152
2,2120
3,2036
4,1948
5,1928
6,1774
7,1614
8,1562
9,1634
10,1726
11,1728
12,1554
13,1424
14,1438
15,1500
16,1510
17,1538
18,1626
19,1800
20,1914
21,2026
22,2102
23,2112
24,2048
25,1998
26,2000
27,2126
28,2214
29,2254
30,2248
31,2184
32,2070
33,2066
34,1926
35,1842
36,1752
37,1680
38,1780
39,1882
40,1952
41,1968
42,1930
43,1862
44,1748
45,1744
46,1804
47,1930
48,2012
49,2086
50,2058
51,1998
52,1944
53,1964
54,2010
55,2042
56,1952
57,1904
58,1938
59,1934
60,1824
61,1754
62,1770
63,1740
64,1760
65,1754
66,1756
67,1826
68,1894
69,1908
70,2090
71,2232
72,2268
73,2220
74,2198
75,2164
76,2106
77,2070
78,1992
79,2014
80,2012
81,1850
82,1746
83,1682
84,1602
85,1474
86,1362
87,1376
88,1386
89,1484
90,1578
91,1674
92,1700
93,1720
94,1694
95,1692
96,1688
97,1788
98,1902
99,1994
100,2112
101,2220
102,2248
103,2126
104,1964
105,1830
106,1718
107,1728
108,1772
109,1800
110,1814
111,1700
112,1654
113,1678
114,1696
115,1540
116,1504
117,1544
118,1676
119,1776
120,1820
121,1910
122,1944
123,1950
124,2034
125,2140
126,2124
127,2060
128,1958
129,1820
130,1726
131,1630
132,1622
133,1660
134,1672
135,1628
136,1540
137,1538
138,1566
139,1572
140,1616
141,1666
142,1736
143,1892
144,2086
145,2130
146,2042
147,2008
148,1926
149,1892
150,2002
151,2118
152,2116
153,2060
154,2026
155,2008
156,1932
157,1856
158,1780
159,1714
160,1732
161,1696
162,1652
163,1696
164,1788
165,1838
166,1812
167,1776
168,1798
169,1806
170,1886
171,1970
172,1992
173,1988
174,2084
175,2140
176,2138
177,2052
178,1946
179,1850
180,1832
181,1826
182,1864
183,1858
184,1812
185,1842
186,1884
187,1898
188,1808
189,1750
190,1700
191,1680
192,1696
193,1736
194,1866
195,1992
196,1970
197,1900
198,1904
199,1884
200,1876
201,1822
202,1806
203,1824
204,1962
205,1942
206,1856
207,1800
208,1758
209,1636
210,1580
211,1538
212,1548
213,1630
214,1844
215,1874
216,1818
217,1794
218,1818
219,1786
220,1736
221,1792
222,1812
223,1878
224,1978
225,2108
226,2108
227,1940
228,1830
229,1720
230,1718
231,1694
232,1618
233,1606
234,1730
235,1798
236,1874
237,1788
238,1768
239,1782
240,1748
241,1708
242,1816
243,1988
244,2052
245,2026
246,2036
247,1990
248,1896
249,1810
250,1760
251,1708
252,1664
253,1692
254,1706
255,1782
0,1766
1,1742
2,1760
3,1744
4,1794
5,1862
6,1954
7,2016
8,2058
9,1912
10,1816
11,1854
12,1774
13,1648
14,1690
15,1794
16,1808
17,1866
18,1936
19,1906
20,1960
21,1992
22,2026
23,2016
24,1976
25,1970
26,2098
27,2052
28,1974
29,1904
30,1856
31,1840
32,1766
33,1782
34,1790
35,1666
36,1580
37,1692
38,1786
39,1774
40,1844
41,2054
42,2164
43,2218
44,2324
45,2228
46,2078
47,2048
48,1964
49,1884
50,1844
51,1866
52,1838
53,1800
54,1720
55,1676
56,1638
57,1754
58,1730
59,1722
60,1794
61,1882
62,1986
63,2156
64,2192
65,2118
66,2042
67,2052
68,2022
69,1946
70,1816
71,1824
72,1920
73,1880
74,1782
75,1796
76,1792
77,1804
78,1778
79,1710
80,1688
81,1774
82,1842
83,1884
84,1868
85,1874
86,1896
87,1842
88,1844
89,1854
90,1834
91,1818
92,1880
93,1876
94,1956
95,1960
96,1960
97,1902
98,1896
99,1834
100,1888
101,1864
102,1844
103,1848
104,1828
105,1764
106,1770
107,1844
108,1774
109,1758
110,1774
111,1810
112,1818
113,1918
114,1996
115,2000
116,2018
117,2016
118,2042
119,2050
120,2072
121,2024
122,1916
123,1938
124,1932
125,1942
126,1952
127,1950
128,1946
129,1998
130,2108
131,2108
132,1930
133,1836
134,1890
135,1848
136,1680
137,1810
138,1906
139,1760
140,1776
141,1922
142,1912
143,1888
144,1950
145,1992
146,1966
147,1886
148,2082
149,2232
150,2186
151,2008
152,1992
153,2054
154,1978
155,1846
156,1810
157,1732
158,1716
159,1690
160,1782
161,1746
162,1670
163,1710
164,1756
165,1802
166,1810
167,1912
168,1906
169,1936
170,2034
171,2096
172,2210
173,2318
174,2216
175,2224
176,2328
177,2228
178,2056
179,2054
180,1962
181,1896
182,1734
183,1758
184,1778
185,1652
186,1506
187,1624
188,1674
189,1578
190,1680
191,2006
192,2032
193,1992
194,2170
195,2216
196,2030
197,1972
198,2020
199,2002
200,1936
201,2058
202,2070
203,1848
204,1746
205,1714
206,1616
207,1464
208,1482
209,1610
210,1630
211,1738
212,1934
213,1938
214,1950
215,2054
216,2030
217,1962
218,2038
219,2090
220,2084
221,2120
222,2046
223,2008
224,1880
225,1846
226,1754
227,1706
228,1656
229,1666
230,1666
231,1698
232,1734
233,1790
234,1752
235,1808
236,1832
237,1870
238,1890
239,1898
240,1932
241,1988
242,1952
243,1986
244,2024
245,1976
246,1886
247,1928
248,1850
249,1710
250,1820
251,1822
252,1670
253,1684
254,1836
255,1822
0,1830
1,1996
2,2048
3,2036
4,2020
5,2024
6,2028
7,2094
8,2056
9,1896
10,1802
11,1792
12,1790
13,1754
14,1720
15,1722
16,1684
17,1664
18,1682
19,1716
20,1706
21,1832
22,1928
23,1916
24,1912
25,1866
26,1762
27,1790
28,1818
29,1832
30,1854
31,1922
32,1992
33,2026
34,1956
35,1920
36,1906
37,1928
38,1858
39,1978
40,2018
41,2090
42,2138
43,2114
44,2068
45,2010
46,1906
47,1826
48,1790
49,1806
50,1790
51,1734
52,1672
53,1588
54,1632
55,1574
56,1470
57,1644
58,1760
59,1686
60,1798
61,1974
62,1996
63,1878
64,1994
65,2030
66,1898
67,1810
68,1914
69,1924
70,1694
71,1726
72,1790
73,1720
74,1572
75,1598
76,1638
77,1532
78,1518
79,1632
80,1678
81,1720
82,1794
83,1924
84,1938
85,1978
86,1940
87,1882
88,2062
89,2064
90,1948
91,2004
92,2116
93,2060
94,1974
95,2006
96,1918
97,1734
98,1612
99,1668
100,1702
101,1770
102,1718
103,1834
104,1914
105,1846
106,1806
107,1762
108,1752
109,1710
110,1692
111,1836
112,2022
113,2032
114,2054
115,2084
116,1922
117,1838
118,1950
119,1900
120,1806
121,1916
122,1910
123,1774
124,1800
125,1810
126,1730
127,1730
128,1734
129,1694
130,1812
131,1884
132,1862
133,1840
134,1868
135,1954
136,1848
137,1844
138,1832
139,1788
140,1816
141,1884
142,1940
143,1894
144,1882
145,1874
146,1862
147,1726
148,1686
149,1754
150,1774
151,1894
152,1984
153,2048
154,1984
155,1994
156,1994
157,1990
158,2042
159,2050
160,1890
161,1908
162,1966
163,1956
164,1932
165,1820
166,1720
167,1754
168,1836
169,1800
170,1736
171,1706
172,1812
173,1848
174,1778
175,1810
176,1942
177,1876
178,1778
179,1788
180,1822
181,1728
182,1700
183,1792
184,1850
185,1852
186,1880
187,1912
188,1854
189,1860
190,1948
191,1922
192,1964
193,1956
194,1948
195,1842
196,1766
197,1854
198,1768
199,1818
200,1804
201,1870
202,1946
203,1912
204,1744
205,1802
206,1936
207,1828
208,1694
209,1614
210,1698
211,1700
212,1772
213,1818
214,1874
215,1792
216,1776
217,1816
218,1946
219,1890
220,1730
221,1828
222,2026
223,1950
224,1882
225,1890
226,1974
227,1882
228,1866
229,2032
230,2092
231,1876
232,1854
233,2046
234,2028
235,1880
236,1972
237,2060
238,1944
239,1882
240,1974
241,1966
242,1822
243,1868
244,1948
245,1902
246,1922
247,1864
248,1826
249,1802
250,1860
251,1756
252,1644
253,1778
254,1920
255,1874
0,1816
1,1922
2,1936
3,1812
4,1738
5,1908
6,1996
7,1950
8,2006
9,2198
10,2172
11,2066
12,2024
13,1998
14,1882
15,1898
16,1982
17,1998
18,2026
19,2038
20,1974
21,1824
22,1828
23,1808
24,1698
25,1672
26,1766
27,1862
28,1810
29,1892
30,2008
31,1920
32,1758
33,1772
34,1812
35,1712
36,1830
37,2022
38,1986
39,1894
40,2008
41,1946
42,1826
43,1838
44,1828
45,1832
46,1874
47,1834
48,1932
49,1934
50,1974
51,1834
52,1846
53,1880
54,1896
55,1906
56,1818
57,1902
58,2032
59,1982
60,1854
61,1882
62,1898
63,1848
64,1744
65,1826
66,1812
67,1778
68,1890
69,1936
70,1972
71,1898
72,1868
73,1910
74,1852
75,1792
76,1846
77,1866
78,1922
79,1872
80,1936
81,2066
82,2062
83,1892
84,1858
85,1870
86,1866
87,1776
88,1768
89,1888
90,1972
91,1844
92,1904
93,1960
94,1850
95,1826
96,2018
97,2072
98,1900
99,1866
100,2150
101,2118
102,1902
103,1900
104,1942
105,1872
106,1764
107,1812
108,1786
109,1834
110,1864
111,1934
112,1976
113,1882
114,1858
115,1966
116,2024
117,1972
118,1856
119,1960
120,2002
121,1926
122,1902
123,2022
124,1876
125,1896
126,1876
127,1906
128,1956
129,1858
130,1842
131,1942
132,2048
133,1984
134,2014
135,2074
136,2094
137,1960
138,1948
139,1980
140,1918
141,1846
142,1984
143,2108
144,1956
145,1836
146,1934
147,1900
148,1800
149,1746
150,1848
151,1850
152,1820
153,1944
154,1978
155,1928
156,1864
157,1960
158,2012
159,1896
160,1818
161,1934
162,1942
163,1858
164,1840
165,1924
166,1902
167,1870
168,1794
169,1876
170,1972
171,1940
172,1828
173,1858
174,1880
175,1774
176,1772
177,1878
178,1852
179,1754
180,1870
181,1966
182,2010
183,1866
184,1866
185,2002
186,1984
187,1866
188,1924
189,1972
190,2018
191,1864
192,1846
193,1898
194,1898
195,1834
196,1774
197,1828
198,1818
199,1838
200,1898
201,1880
202,1808
203,1758
204,1834
205,1868
206,1704
207,1776
208,1906
209,1828
210,1886
211,1932
212,1914
213,1968
214,1906
215,1892
216,1928
217,1896
218,1914
219,2044
220,2018
221,1962
222,1938
223,2022
224,1986
225,1920
226,1948
227,1928
228,1954
229,1970
230,2012
231,1980
232,1980
233,1940
234,1988
235,1980
236,1866
237,1876
238,2052
239,2026
240,1870
241,1946
242,2016
243,1932
244,1844
245,1826
246,1908
247,1900
248,1836
249,1710
250,1842
251,1862
252,1840
253,1858
254,1856
255,1878
0,1890
1,1954
2,1898
3,1784
4,1840
5,1916
6,1984
7,1972
8,1932
9,1964
10,2060
11,2014
12,1916
13,1926
14,1978
15,1936
16,1876
17,1868
18,1798
19,1862
20,1862
21,1862
22,1742
23,1776
24,1876
25,1856
26,1800
27,1782
28,1922
29,1904
30,1760
31,1646
32,1840
33,1900
34,1774
35,1794
36,1898
37,1992
38,1804
39,1852
40,1922
41,1986
42,1880
43,1882
44,2008
45,2012
46,1838
47,1900
48,2022
49,1818
50,1704
51,1826
52,1940
53,1712
54,1726
55,1870
56,1874
57,1810
58,1750
59,1784
60,1894
61,1772
62,1726
63,1772
64,1822
65,1778
66,1714
67,1792
68,1854
69,1798
70,1748
71,1772
72,1806
73,1850
74,1782
75,1838
76,1916
77,1920
78,1778
79,1768
80,1902
81,1874
82,1770
83,1828
84,1928
85,1880
86,1908
87,1998
88,1938
89,1872
90,1894
91,1926
92,1896
93,1924
94,1922
95,1952
96,1928
97,1958
98,1804
99,1790
100,1780
101,1788
102,1690
103,1628
104,1800
105,1878
106,1784
107,1796
108,1972
109,2014
110,1952
111,1900
112,1982
113,1998
114,1986
115,1968
116,1934
117,1982
118,1920
119,1918
120,1976
121,1824
122,1748
123,1786
124,1798
125,1730
126,1644
127,1682
128,1716
129,1846
130,1736
131,1774
132,1884
133,1860
134,1810
135,1836
136,1934
137,1798
138,1812
139,1944
140,1886
141,1760
142,1778
143,1760
144,1742
145,1752
146,1728
147,1834
148,1864
149,1852
150,1854
151,1906
152,1938
153,1852
154,1852
155,1900
156,1868
157,1762
158,1670
159,1754
160,1818
161,1828
162,1784
163,1810
164,1832
165,1818
166,1772
167,1874
168,1828
169,1752
170,1814
171,1804
172,1802
173,1812
174,1746
175,1786
176,1804
177,1742
178,1738
179,1730
180,1648
181,1710
182,1768
183,1776
184,1716
185,1876
186,1916
187,1906
188,1870
189,1978
190,1992
191,1948
192,1964
193,1998
194,2012
195,1954
196,1984
197,1898
198,1858
199,1858
200,1818
201,1708
202,1758
203,1736
204,1726
205,1830
206,1866
207,1764
208,1758
209,1740
210,1850
211,1770
212,1684
213,1916
214,1994
215,1868
216,1914
217,2134
218,1910
219,1764
220,1794
221,1842
222,1866
223,1764
224,1708
225,1822
226,1868
227,1778
228,1684
229,1736
230,1838
231,1774
232,1892
233,1986
234,1986
235,2004
236,1982
237,1936
238,1972
239,1950
240,1902
241,1830
242,1920
243,1860
244,1784
245,1900
246,1828
247,1842
248,1770
249,1750
250,1730
251,1780
252,1824
253,1804
254,1844
255,1852
0,1938
1,1944
2,1868
3,1900
4,1902
5,1904
6,2006
7,1980
8,1968
9,1942
10,1966
11,2012
12,1894
13,1800
14,1796
15,1728
16,1704
17,1694
18,1816
19,1810
20,1810
21,1818
22,1912
23,1878
24,1828
25,1930
26,1898
27,1934
28,1950
29,2002
30,1988
31,1962
32,1840
33,1780
34,1862
35,1846
36,1730
37,1782
38,1850
39,1858
40,1776
41,1750
42,1846
43,1774
44,1714
45,1710
46,1856
47,1822
48,1764
49,1876
50,1828
51,1854
52,1906
53,1962
54,1906
55,1866
56,1866
57,1822
58,1792
59,1850
60,1774
61,1840
62,1858
63,1810
64,1890
65,1926
66,1832
67,1734
68,1882
69,1884
70,1892
71,1814
72,1800
73,1908
74,1910
75,1780
76,1736
77,1776
78,1858
79,1766
80,1716
81,1830
82,1880
83,1872
84,1922
85,1948
86,1894
87,1862
88,1834
89,1940
90,1970
91,1872
92,1886
93,2018
94,1998
95,1898
96,1860
97,1804
98,1852
99,1892
100,1804
101,1744
102,1888
103,1966
104,1910
105,1898
106,1998
107,2006
108,1972
109,2050
110,2042
111,2022
112,2040
113,2042
114,1954
115,1910
116,1876
117,1942
118,1872
119,1852
120,1814
121,1914
122,1902
123,1844
124,1868
125,1934
126,1936
127,1872
128,1852
129,1924
130,1930
131,1844
132,1812
133,1876
134,1872
135,1912
136,1880
137,1900
138,1896
139,1844
140,1864
141,1884
142,1684
143,1818
144,1898
145,1832
146,1886
147,1950
148,1896
149,1932
150,2054
151,2052
152,1988
153,1928
154,2024
155,2064
156,2026
157,1878
158,1996
159,2020
160,2018
161,1894
162,1876
163,1998
164,1882
165,1834
166,1886
167,1900
168,1900
169,1848
170,1892
171,1972
172,1880
173,1812
174,1832
175,1842
176,1852
177,1856
178,1768
179,1818
180,1838
181,1710
182,1768
183,1828
184,1820
185,1810
186,1886
187,1942
188,1874
189,1850
190,1900
191,1986
192,1860
193,1776
194,1920
195,1984
196,1884
197,1886
198,1914
199,1884
200,1878
201,1832
202,1876
203,1902
204,1818
205,1824
206,2002
207,1916
208,1796
209,1822
210,1976
211,1930
212,1860
213,1864
214,1888
215,1932
216,1830
217,1778
218,1826
219,1830
220,1788
221,1688
222,1756
223,1766
224,1752
225,1766
226,1824
227,1870
228,1878
229,1832
230,1872
231,1884
232,1954
233,1886
234,1960
235,2064
236,1948
237,1880
238,1992
239,2030
240,1962
241,1982
242,1956
243,1934
244,2042
245,1942
246,1878
247,1912
248,1898
249,1864
250,1774
251,1846
252,1908
253,1854
254,1856
255,1780
0,1844
1,1886
2,1854
3,1818
4,1782
5,1882
6,1932
7,1914
8,1814
9,1812
10,1846
11,1894
12,1826
13,1830
14,1798
15,1840
16,1874
17,1916
18,1930
19,1944
20,1914
21,1896
22,1978
23,1918
24,1878
25,1958
26,1988
27,1906
28,1912
29,1982
30,2018
31,1886
32,1882
33,1878
34,1884
35,1844
36,1872
37,1802
38,1832
39,1822
40,1796
41,1784
42,1802
43,1694
44,1716
45,1884
46,1886
47,1890
48,1874
49,1930
50,1940
51,1832
52,1768
53,1836
54,1828
55,1718
56,1840
57,1868
58,1882
59,1838
60,1922
61,1912
62,1918
63,1956
64,1978
65,2030
66,2062
67,2038
68,2000
69,1934
70,1898
71,1778
72,1816
73,1952
74,1846
75,1782
76,1824
77,1836
78,1698
79,1726
80,1858
81,1814
82,1804
83,1830
84,1906
85,1834
86,1800
87,1802
88,1900
89,1820
90,1738
91,1834
92,1884
93,1892
94,1800
95,1922
96,1924
97,1864
98,1906
99,1894
100,1890
101,1948
102,1932
103,1890
104,1962
105,1924
106,1856
107,1830
108,1926
109,1834
110,1704
111,1822
112,1856
113,1828
114,1856
115,1822
116,1786
117,1766
118,1814
119,1768
120,1794
121,1800
122,1758
123,1868
124,1886
125,1844
126,1846
127,1910
128,1864
129,1784
130,1912
131,1940
132,1880
133,1918
134,1922
135,1904
136,1882
137,1808
138,1932
139,1870
140,1854
141,1860
142,1804
143,1832
144,1930
145,1954
146,1846
147,1892
148,2038
149,2060
150,1944
151,1910
152,1898
153,1860
154,1782
155,1786
156,1706
157,1750
158,1800
159,1728
160,1672
161,1782
162,1828
163,1738
164,1752
165,1924
166,1960
167,1806
168,1916
169,2008
170,1910
171,1866
172,1862
173,1836
174,1894
175,1872
176,1800
177,1832
178,1862
179,1920
180,1858
181,1844
182,1918
183,1960
184,1760
185,1802
186,1860
187,1840
188,1778
189,1834
190,1902
191,1816
192,1836
193,1880
194,1784
195,1790
196,1814
197,1856
198,1820
199,1840
200,1916
201,1836
202,1772
203,1846
204,1826
205,1788
206,1834
207,1840
208,1870
209,1838
210,1814
211,1742
212,1722
213,1626
214,1636
215,1688
216,1776
217,1790
218,1822
219,1846
220,1840
221,1814
222,1874
223,1878
224,1870
225,1902
226,1972
227,1922
228,1914
229,1898
230,1906
231,1844
232,1838
233,1726
234,1790
235,1806
236,1744
237,1780
238,1904
239,1948
240,1768
241,1836
242,1912
243,1840
244,1832
245,1866
246,1856
247,1964
248,1880
249,1908
250,1944
251,1830
252,1750
253,1788
254,1798
255,1788
0,1834
1,1918
2,1876
3,1858
4,1808
5,1798
6,1732
7,1774
8,1764
9,1816
10,1878
11,1890
12,1892
13,1888
14,1926
15,1886
16,1852
17,1856
18,1874
19,1860
20,1842
21,1906
22,1912
23,1830
24,1856
25,1848
26,1772
27,1790
28,1864
29,1918
30,1872
31,1856
32,1926
33,1916
34,1880
35,1846
36,1808
37,1784
38,1790
39,1820
40,1920
41,1870
42,1886
43,1866
44,1758
45,1782
46,1804
47,1780
48,1784
49,1884
50,1872
51,1798
52,1826
53,1858
54,1836
55,1840
56,1846
57,1900
58,1898
59,1938
60,1882
61,1860
62,1920
63,1870
64,1790
65,1776
66,1826
67,1764
68,1818
69,1902
70,1862
71,1724
72,1710
73,1776
74,1814
75,1796
76,1840
77,1824
78,1876
79,1838
80,1818
81,1800
82,1850
83,1762
84,1738
85,1864
86,1878
87,1894
88,1832
89,1874
90,1830
91,1822
92,1864
93,1794
94,1756
95,1852
96,1870
97,1766
98,1720
99,1800
100,1866
101,1768
102,1768
103,1876
104,1892
105,1890
106,1782
107,1824
108,1898
109,1858
110,1748
111,1754
112,1878
113,1788
114,1636
115,1824
116,1890
117,1810
118,1822
119,1804
120,1816
121,1772
122,1812
123,1864
124,1844
125,1790
126,1922
127,1968
128,1892
129,1830
130,1820
131,1818
132,1844
133,1862
134,1866
135,1916
136,1908
137,1816
138,1848
139,1832
140,1818
141,1854
142,1836
143,1882
144,1880
145,1874
146,1874
147,1822
148,1782
149,1808
150,1864
151,1822
152,1858
153,1788
154,1832
155,1848
156,1820
157,1766
158,1858
159,1838
160,1808
161,1792
162,1846
163,1804
164,1820
165,1934
166,1914
167,1912
168,1882
169,1912
170,1914
171,1872
172,1870
173,1916
174,1908
175,1910
176,1884
177,1902
178,1898
179,1772
180,1786
181,1866
182,1864
183,1838
184,1854
185,1918
186,1886
187,1772
188,1782
189,1814
190,1856
191,1724
192,1732
193,1908
194,1806
195,1624
196,1696
197,1724
198,1736
199,1808
200,1798
201,1876
202,1864
203,1952
204,1914
205,1840
206,1922
207,1938
208,1882
209,1870
210,1958
211,1946
212,1932
213,1870
214,1866
215,1884
216,1862
217,1776
218,1752
219,1828
220,1826
221,1810
222,1926
223,1962
224,1880
225,1804
226,1868
227,1872
228,1828
229,1806
230,1858
231,1886
232,1936
233,1862
234,1818
235,1916
236,1874
237,1814
238,1822
239,1930
240,1926
241,1850
242,1834
243,1902
244,1942
245,1846
246,1786
247,1878
248,1920
249,1892
250,1874
251,1904
252,1914
253,1890
254,1866
255,1884
0,1940
1,1894
2,1820
3,1834
4,1858
5,1894
6,1884
7,1836
8,1840
9,1924
10,1826
11,1826
12,1884
13,1900
14,1842
15,1882
16,1924
17,1888
18,1846
19,1848
20,1956
21,1868
22,1852
23,1930
24,1990
25,1952
26,1840
27,1934
28,1986
29,1930
30,1872
31,1976
32,1966
33,1886
34,1876
35,1892
36,1846
37,1818
38,1908
39,1916
40,1984
41,1968
42,1938
43,1978
44,2032
45,1898
46,1786
47,1870
48,1900
49,1830
50,1810
51,1920
52,1960
53,1810
54,1844
55,1884
56,1874
57,1806
58,1872
59,1958
60,1886
61,1854
62,1930
63,1976
64,1848
65,1792
66,1902
67,1946
68,1864
69,1860
70,1920
71,1974
72,1978
73,1886
74,1900
75,1894
76,1854
77,1850
78,1838
79,1882
80,1870
81,1898
82,1956
83,1916
84,1834
85,1846
86,1876
87,1866
88,1726
89,1758
90,1934
91,1828
92,1766
93,1804
94,1854
95,1852
96,1794
97,1750
98,1820
99,1846
100,1806
101,1824
102,1840
103,1882
104,1826
105,1726
106,1794
107,1828
108,1788
109,1780
110,1906
111,1896
112,1908
113,1964
114,1988
115,1940
116,1970
117,1922
118,1956
119,1974
120,1898
121,1892
122,1932
123,1884
124,1858
125,1854
126,1914
127,1882
128,1880
129,1914
130,1962
131,1852
132,1862
133,1846
134,1818
135,1808
136,1798
137,1728
138,1774
139,1892
140,1762
141,1778
142,1900
143,1928
144,1866
145,1860
146,1978
147,1946
148,1860
149,1824
150,1860
151,1806
152,1796
153,1798
154,1902
155,1892
156,1852
157,1846
158,1904
159,1898
160,1884
161,1908
162,1924
163,1886
164,1898
165,1916
166,1946
167,1964
168,1962
169,1910
170,1978
171,2014
172,1916
173,1922
174,2028
175,1932
176,1792
177,1894
178,1950
179,1858
180,1806
181,1870
182,1880
183,1822
184,1814
185,1852
186,1916
187,1890
188,1816
189,1792
190,1886
191,1866
192,1764
193,1830
194,1978
195,1926
196,1806
197,1766
198,1874
199,1828
200,1764
201,1790
202,1868
203,1832
204,1796
205,1884
206,1946
207,1850
208,1790
209,1834
210,1898
211,1812
212,1822
213,1888
214,1906
215,1806
216,1898
217,1910
218,1770
219,1734
220,1826
221,1778
222,1724
223,1730
224,1876
225,1928
226,1794
227,1756
228,1806
229,1804
230,1688
231,1640
232,1728
233,1814
234,1818
235,1770
236,1760
237,1834
238,1830
239,1764
240,1858
241,1896
242,1890
243,1940
244,1938
245,1898
246,1870
247,1788
248,1814
249,1790
250,1734
251,1806
252,1852
253,1852
254,1878
255,1860
0,1864
1,1810
2,1784
3,1772
4,1746
5,1716
6,1788
7,1804
8,1762
9,1784
10,1826
11,1828
12,1742
13,1784
14,1864
15,1880
16,1842
17,1848
18,1918
19,1856
20,1788
21,1772
22,1758
23,1754
24,1758
25,1752
26,1788
27,1812
28,1830
29,1814
30,1760
31,1846
32,1826
33,1842
34,1886
35,1880
36,1902
37,1912
38,1840
39,1894
40,1900
41,1910
42,1860
43,1888
44,1940
45,1902
46,1832
47,1888
48,1868
49,1812
50,1802
51,1894
52,1874
53,1818
54,1842
55,1864
56,1850
57,1816
58,1836
59,1850
60,1856
61,1870
62,1842
63,1864
64,1872
65,1854
66,1848
67,1866
68,1884
69,1782
70,1778
71,1790
72,1832
73,1774
74,1788
75,1810
76,1808
77,1730
78,1732
79,1744
80,1766
81,1796
82,1814
83,1852
84,1850
85,1812
86,1858
87,1800
88,1796
89,1696
90,1804
91,1814
92,1784
93,1774
94,1850
95,1888
96,1868
97,1836
98,1860
99,1862
100,1826
101,1872
102,1908
103,1878
104,1826
105,1838
106,1800
107,1738
108,1722
109,1812
110,1866
111,1876
112,1852
113,1942
114,1914
115,1846
116,1808
117,1784
118,1822
119,1766
120,1788
121,1832
122,1896
123,1838
124,1806
125,1822
126,1824
127,1778
128,1714
129,1800
130,1804
131,1870
132,1846
133,1870
134,1916
135,1818
136,1802
137,1818
138,1866
139,1852
140,1872
141,1920
142,1964
143,1854
144,1820
145,1874
146,1820
147,1788
148,1830
149,1884
150,1894
151,1870
152,1832
153,1870
154,1892
155,1824
156,1792
157,1806
158,1880
159,1808
160,1840
161,1894
162,1956
163,1944
164,1882
165,1848
166,1896
167,1864
168,1840
169,1850
170,1902
171,1892
172,1868
173,1876
174,1902
175,1836
176,1842
177,1824
178,1838
179,1878
180,1944
181,1894
182,1890
183,1894
184,1886
185,1846
186,1788
187,1856
188,1862
189,1866
190,1814
191,1828
192,1864
193,1836
194,1762
195,1828
196,1848
197,1824
198,1808
199,1840
200,1852
201,1864
202,1870
203,1898
204,1976
205,2020
206,1960
207,1978
208,2014
209,1954
210,1934
211,1890
212,1904
213,1884
214,1846
215,1876
216,1892
217,1902
218,1860
219,1862
220,1858
221,1870
222,1776
223,1798
224,1752
225,1820
226,1842
227,1846
228,1868
229,1842
230,1826
231,1840
232,1860
233,1808
234,1792
235,1854
236,1836
237,1810
238,1818
239,1894
240,1826
241,1826
242,1792
243,1830
244,1860
245,1818
246,1866
247,1830
248,1882
249,1864
250,1812
251,1872
252,1854
253,1826
254,1854
255,1918
0,1856
1,1866
2,1890
3,1856
4,1866
5,1868
6,1816
7,1830
8,1856
9,1856
10,1820
11,1844
12,1886
13,1802
14,1774
15,1834
16,1830
17,1808
18,1884
19,1944
20,1924
21,1944
22,1974
23,1928
24,1860
25,1882
26,1914
27,1854
28,1850
29,1890
30,1846
31,1850
32,1844
33,1788
34,1790
35,1854
36,1798
37,1856
38,1886
39,1876
40,1856
41,1890
42,1874
43,1808
44,1810
45,1828
46,1888
47,1906
48,1888
49,1886
50,1912
51,1886
52,1804
53,1804
54,1800
55,1850
56,1852
57,1878
58,1870
59,1914
60,1838
61,1818
62,1804
63,1826
64,1770
65,1816
66,1816
67,1866
68,1820
69,1828
70,1822
71,1834
72,1788
73,1792
74,1852
75,1860
76,1866
77,1858
78,1946
79,1950
80,1882
81,1856
82,1854
83,1858
84,1788
85,1812
86,1840
87,1868
88,1828
89,1828
90,1872
91,1856
92,1812
93,1802
94,1812
95,1788
96,1768
97,1758
98,1760
99,1818
100,1748
101,1792
102,1824
103,1878
104,1850
105,1896
106,1912
107,1922
108,1898
109,1870
110,1874
111,1838
112,1802
113,1800
114,1846
115,1818
116,1842
117,1864
118,1888
119,1894
120,1872
121,1840
122,1882
123,1940
124,1870
125,1916
126,1944
127,1888
128,1810
129,1818
130,1752
131,1732
132,1748
133,1808
134,1812
135,1792
136,1832
137,1870
138,1874
139,1822
140,1784
141,1818
142,1830
143,1786
144,1764
145,1790
146,1816
147,1802
148,1764
149,1828
150,1824
151,1802
152,1834
153,1866
154,1890
155,1878
156,1872
157,1888
158,1834
159,1830
160,1830
161,1840
162,1854
163,1854
164,1822
165,1866
166,1878
167,1876
168,1898
169,1900
170,1882
171,1878
172,1888
173,1836
174,1760
175,1736
176,1792
177,1820
178,1754
179,1824
180,1906
181,1884
182,1896
183,1898
184,1938
185,1906
186,1884
187,1894
188,1872
189,1900
190,1854
191,1846
192,1858
193,1858
194,1844
195,1802
196,1784
197,1798
198,1818
199,1868
200,1878
201,1892
202,1892
203,1898
204,1850
205,1810
206,1810
207,1764
208,1768
209,1810
210,1798
211,1826
212,1838
213,1846
214,1806
215,1804
216,1764
217,1798
218,1782
219,1808
220,1820
221,1784
222,1830
223,1822
224,1796
225,1788
226,1782
227,1820
228,1788
229,1792
230,1828
231,1858
232,1804
233,1798
234,1798
235,1820
236,1758
237,1754
238,1794
239,1842
240,1820
241,1862
242,1866
243,1886
244,1866
245,1862
246,1840
247,1854
248,1838
249,1818
250,1788
251,1824
252,1802
253,1796
254,1800
255,1802
0,1806
1,1832
2,1818
3,1832
4,1886
5,1850
6,1870
7,1872
8,1862
9,1836
10,1784
11,1770
12,1714
13,1724
14,1764
15,1804
16,1782
17,1792
18,1836
19,1828
20,1784
21,1742
22,1782
23,1806
24,1826
25,1860
26,1856
27,1850
28,1826
29,1792
30,1818
31,1798
32,1802
33,1836
34,1832
35,1846
36,1800
37,1778
38,1788
39,1786
40,1850
41,1860
42,1908
43,1924
44,1894
45,1844
46,1860
47,1800
48,1786
49,1830
50,1834
51,1850
52,1848
53,1868
54,1874
55,1852
56,1908
57,1870
58,1874
59,1854
60,1848
61,1820
62,1836
63,1800
64,1800
65,1776
66,1796
67,1830
68,1844
69,1886
70,1872
71,1878
72,1902
73,1880
74,1822
75,1806
76,1884
77,1906
78,1848
79,1856
80,1884
81,1874
82,1840
83,1858
84,1856
85,1864
86,1804
87,1828
88,1848
89,1804
90,1804
91,1818
92,1838
93,1820
94,1808
95,1800
96,1816
97,1852
98,1806
99,1788
100,1856
101,1856
102,1816
103,1788
104,1816
105,1784
106,1780
107,1798
108,1788
109,1774
110,1776
111,1786
112,1766
113,1774
114,1786
115,1788
116,1800
117,1832
118,1838
119,1800
120,1810
121,1830
122,1758
123,1802
124,1796
125,1794
126,1814
127,1872
128,1868
129,1868
130,1876
131,1902
132,1840
133,1866
134,1872
135,1854
136,1820
137,1856
138,1820
139,1820
140,1820
141,1832
142,1792
143,1810
144,1804
145,1788
146,1806
147,1828
148,1792
149,1798
150,1798
151,1820
152,1776
153,1744
154,1780
155,1756
156,1750
157,1784
158,1782
159,1762
160,1744
161,1752
162,1760
163,1750
164,1734
165,1768
166,1798
167,1844
168,1796
169,1828
170,1860
171,1798
172,1782
173,1824
174,1894
175,1908
176,1908
177,1976
178,1980
179,1988
180,1944
181,1960
182,1954
183,1916
184,1874
185,1876
186,1882
187,1860
188,1880
189,1892
190,1850
191,1844
192,1792
193,1822
194,1790
195,1786
196,1802
197,1792
198,1796
199,1846
200,1822
201,1824
202,1790
203,1798
204,1790
205,1810
206,1824
207,1880
208,1856
209,1874
210,1870
211,1850
212,1864
213,1818
214,1848
215,1844
216,1814
217,1790
218,1810
219,1802
220,1804
221,1800
222,1806
223,1830
224,1782
225,1782
226,1780
227,1782
228,1754
229,1748
230,1748
231,1756
232,1748
233,1764
234,1784
235,1790
236,1770
237,1770
238,1756
239,1772
240,1748
241,1758
242,1796
243,1812
244,1786
245,1782
246,1778
247,1766
248,1772
249,1796
250,1826
251,1854
252,1852
253,1852
254,1878
255,1832
0,1800
1,1804
2,1812
3,1808
4,1822
5,1832
6,1798
7,1762
8,1768
9,1786
10,1800
11,1770
12,1776
13,1782
14,1790
15,1806
16,1778
17,1780
18,1798
19,1770
20,1716
21,1750
22,1758
23,1730
24,1744
25,1822
26,1818
27,1834
28,1824
29,1788
30,1814
31,1806
32,1800
33,1798
34,1794
35,1810
36,1786
37,1752
38,1814
39,1820
40,1850
41,1900
42,1948
43,1954
44,1944
45,1944
46,1900
47,1872
48,1812
49,1798
50,1818
51,1794
52,1826
53,1832
54,1876
55,1848
56,1812
57,1818
58,1790
59,1808
60,1772
61,1810
62,1798
63,1836
64,1828
65,1888
66,1880
67,1868
68,1890
69,1890
70,1832
71,1832
72,1832
73,1778
74,1784
75,1786
76,1812
77,1824
78,1836
79,1820
80,1838
81,1826
82,1844
83,1822
84,1858
85,1842
86,1822
87,1814
88,1790
89,1828
90,1816
91,1834
92,1854
93,1904
94,1916
95,1914
96,1948
97,1924
98,1884
99,1910
100,1880
101,1868
102,1830
103,1778
104,1776
105,1726
106,1790
107,1798
108,1790
109,1854
110,1820
111,1848
112,1826
113,1838
114,1822
115,1868
116,1868
117,1882
118,1854
119,1854
120,1836
121,1798
122,1840
123,1830
124,1884
125,1894
126,1878
127,1884
128,1870
129,1864
130,1864
131,1854
132,1862
133,1862
134,1850
135,1854
136,1846
137,1866
138,1880
139,1904
140,1924
141,1942
142,1898
143,1902
144,1922
145,1902
146,1848
147,1820
148,1794
149,1798
150,1784
151,1828
152,1806
153,1846
154,1816
155,1772
156,1790
157,1782
158,1796
159,1816
160,1816
161,1842
162,1854
163,1848
164,1852
165,1828
166,1854
167,1872
168,1878
169,1864
170,1912
171,1932
172,1910
173,1880
174,1880
175,1888
176,1916
177,1906
178,1918
179,1938
180,1936
181,1888
182,1864
183,1840
184,1826
185,1862
186,1842
187,1858
188,1882
189,1908
190,1872
191,1926
192,1904
193,1896
194,1864
195,1874
196,1862
197,1864
198,1852
199,1870
200,1848
201,1860
202,1844
203,1850
204,1858
205,1836
206,1844
207,1830
208,1826
209,1832
210,1798
211,1844
212,1866
213,1900
214,1908
215,1940
216,1944
217,1936
218,1886
219,1884
220,1828
221,1830
222,1842
223,1818
224,1822
225,1844
226,1888
227,1904
228,1920
229,1928
230,1920
231,1890
232,1882
233,1850
234,1818
235,1798
236,1788
237,1798
238,1796
239,1834
240,1822
241,1818
242,1840
243,1818
244,1808
245,1828
246,1836
247,1888
248,1880
249,1886
250,1908
251,1882
252,1870
253,1912
254,1906
255,1916
0,1880
1,1850
2,1790
3,1794
4,1780
5,1788
6,1828
7,1800
8,1820
9,1850
10,1836
11,1802
12,1800
13,1764
14,1770
15,1768
16,1770
17,1792
18,1828
19,1824
20,1848
21,1840
22,1814
23,1808
24,1798
25,1802
26,1800
27,1826
28,1824
29,1828
30,1826
31,1808
32,1796
33,1798
34,1798
35,1816
36,1828
37,1832
38,1820
39,1812
40,1822
41,1810
42,1814
43,1850
44,1888
45,1892
46,1824
47,1842
48,1808
49,1772
50,1748
51,1764
52,1808
53,1844
54,1842
55,1844
56,1848
57,1828
58,1838
59,1828
60,1890
61,1862
62,1848
63,1812
64,1796
65,1772
66,1760
67,1788
68,1802
69,1854
70,1852
71,1882
72,1850
73,1838
74,1822
75,1816
76,1784
77,1786
78,1782
79,1820
80,1820
81,1832
82,1874
83,1896
84,1930
85,1914
86,1910
87,1888
88,1888
89,1818
90,1800
91,1786
92,1752
93,1732
94,1734
95,1762
96,1762
97,1756
98,1836
99,1926
100,1940
101,1918
102,1964
103,1988
104,2034
105,1996
106,1932
107,1876
108,1824
109,1808
110,1774
111,1738
112,1720
113,1728
114,1756
115,1816
116,1826
117,1846
118,1802
119,1820
120,1806
121,1792
122,1796
123,1806
124,1828
125,1820
126,1864
127,1864
128,1902
129,1866
130,1914
131,1896
132,1902
133,1914
134,1916
135,1876
136,1904
137,1812
138,1770
139,1730
140,1710
141,1712
142,1702
143,1692
144,1688
145,1674
146,1698
147,1706
148,1714
149,1730
150,1804
151,1844
152,1856
153,1872
154,1908
155,1898
156,1894
157,1886
158,1868
159,1856
160,1880
161,1874
162,1858
163,1830
164,1862
165,1824
166,1798
167,1790
168,1758
169,1742
170,1698
171,1722
172,1666
173,1676
174,1674
175,1740
176,1750
177,1756
178,1814
179,1826
180,1844
181,1880
182,1902
183,1938
184,1938
185,1936
186,1934
187,1926
188,1936
189,1916
190,1892
191,1910
192,1918
193,1912
194,1894
195,1924
196,1906
197,1890
198,1862
199,1866
200,1880
201,1874
202,1878
203,1896
204,1882
205,1846
206,1834
207,1820
208,1798
209,1790
210,1804
211,1852
212,1812
213,1778
214,1770
215,1808
216,1796
217,1780
218,1802
219,1824
220,1772
221,1786
222,1816
223,1840
224,1864
225,1872
226,1884
227,1934
228,1938
229,1934
230,1880
231,1934
232,1916
233,1912
234,1924
235,1926
236,1896
237,1850
238,1858
239,1842
240,1794
241,1800
242,1838
243,1842
244,1800
245,1782
246,1836
247,1812
248,1812
249,1840
250,1844
251,1876
252,1836
253,1846
254,1834
255,1820
0,1800
1,1832
2,1848
3,1818
4,1856
5,1872
6,1902
7,1918
8,1948
9,1970
10,1940
11,1890
12,1830
13,1828
14,1826
15,1798
16,1740
17,1832
18,1856
19,1832
20,1794
21,1854
22,1870
23,1858
24,1862
25,1890
26,1842
27,1806
28,1816
29,1822
30,1774
31,1780
32,1820
33,1798
34,1810
35,1766
36,1782
37,1784
38,1758
39,1756
40,1776
41,1814
42,1822
43,1810
44,1788
45,1776
46,1772
47,1812
48,1804
49,1828
50,1858
51,1900
52,1948
53,1934
54,1956
55,1984
56,1922
57,1898
58,1872
59,1828
60,1776
61,1806
62,1842
63,1830
64,1872
65,1912
66,1896
67,1888
68,1904
69,1892
70,1878
71,1878
72,1864
73,1858
74,1876
75,1888
76,1882
77,1888
78,1884
79,1826
80,1828
81,1818
82,1870
83,1864
84,1878
85,1942
86,1890
87,1880
88,1852
89,1902
90,1880
91,1860
92,1880
93,1924
94,1894
95,1886
96,1914
97,1942
98,1900
99,1904
100,1922
101,1904
102,1880
103,1908
104,1936
105,1912
106,1906
107,1940
108,1930
109,1946
110,1936
111,1890
112,1874
113,1796
114,1792
115,1812
116,1802
117,1818
118,1842
119,1848
120,1770
121,1750
122,1756
123,1720
124,1708
125,1724
126,1734
127,1742
128,1738
129,1798
130,1772
131,1796
132,1818
133,1806
134,1802
135,1804
136,1796
137,1786
138,1804
139,1844
140,1860
141,1892
142,1920
143,1972
144,1946
145,1928
146,1924
147,1896
148,1902
149,1910
150,1942
151,1940
152,1940
153,1926
154,1916
155,1898
156,1904
157,1864
158,1800
159,1808
160,1774
161,1782
162,1740
163,1766
164,1780
165,1806
166,1820
167,1808
168,1830
169,1862
170,1872
171,1866
172,1890
173,1916
174,1876
175,1846
176,1874
177,1844
178,1858
179,1832
180,1834
181,1856
182,1842
183,1790
184,1810
185,1794
186,1824
187,1806
188,1846
189,1858
190,1898
191,1852
192,1868
193,1898
194,1906
195,1896
196,1932
197,1948
198,1898
199,1880
200,1854
201,1804
202,1736
203,1732
204,1720
205,1732
206,1746
207,1788
208,1812
209,1818
210,1790
211,1754
212,1754
213,1778
214,1778
215,1792
216,1846
217,1876
218,1860
219,1884
220,1890
221,1920
222,1920
223,1938
224,1962
225,1970
226,1932
227,1920
228,1864
229,1848
230,1832
231,1834
232,1820
233,1814
234,1818
235,1798
236,1792
237,1798
238,1834
239,1780
240,1772
241,1766
242,1760
243,1736
244,1716
245,1738
246,1748
247,1748
248,1754
249,1756
250,1792
251,1802
252,1778
253,1788
254,1812
255,1778
0,1764
1,1776
2,1776
3,1818
4,1798
5,1820
6,1832
7,1852
8,1840
9,1884
10,1912
11,1938
12,1892
13,1908
14,1890
15,1848
16,1824
17,1852
18,1852
19,1838
20,1808
21,1822
22,1832
23,1792
24,1768
25,1760
26,1758
27,1670
28,1664
29,1702
30,1680
31,1712
32,1738
33,1774
34,1766
35,1768
36,1818
37,1822
38,1796
39,1796
40,1786
41,1808
42,1780
43,1778
44,1806
45,1836
46,1836
47,1852
48,1846
49,1824
50,1810
51,1800
52,1804
53,1818
54,1846
55,1840
56,1908
57,1938
58,1964
59,1912
60,1916
61,1890
62,1850
63,1806
64,1842
65,1842
66,1818
67,1792
68,1762
69,1780
70,1756
71,1718
72,1770
73,1778
74,1802
75,1800
76,1846
77,1858
78,1868
79,1864
80,1860
81,1838
82,1812
83,1782
84,1794
85,1784
86,1800
87,1772
88,1796
89,1810
90,1816
91,1790
92,1820
93,1836
94,1872
95,1848
96,1874
97,1880
98,1886
99,1860
100,1864
101,1860
102,1870
103,1872
104,1884
105,1924
106,1890
107,1878
108,1862
109,1860
110,1816
111,1798
112,1816
113,1804
114,1792
115,1816
116,1864
117,1860
118,1850
119,1860
120,1856
121,1826
122,1836
123,1840
124,1848
125,1796
126,1808
127,1816
128,1776
129,1742
130,1754
131,1760
132,1778
133,1774
134,1798
135,1822
136,1784
137,1796
138,1820
139,1846
140,1840
141,1846
142,1900
143,1862
144,1846
145,1818
146,1808
147,1764
148,1744
149,1728
150,1708
151,1728
152,1732
153,1744
154,1782
155,1796
156,1814
157,1848
158,1852
159,1868
160,1828
161,1826
162,1842
163,1854
164,1852
165,1836
166,1792
167,1798
168,1756
169,1688
170,1714
171,1738
172,1744
173,1760
174,1804
175,1820
176,1786
177,1786
178,1774
179,1804
180,1780
181,1830
182,1850
183,1874
184,1824
185,1852
186,1832
187,1822
188,1816
189,1818
190,1804
191,1766
192,1780
193,1810
194,1794
195,1770
196,1760
197,1746
198,1748
199,1752
200,1770
201,1792
202,1778
203,1796
204,1794
205,1774
206,1758
207,1738
208,1784
209,1814
210,1830
211,1838
212,1870
213,1900
214,1906
215,1898
216,1874
217,1882
218,1862
219,1838
220,1834
221,1816
222,1798
223,1772
224,1770
225,1808
226,1814
227,1840
228,1870
229,1908
230,1914
231,1898
232,1900
233,1890
234,1872
235,1834
236,1852
237,1842
238,1836
239,1806
240,1848
241,1832
242,1834
243,1852
244,1866
245,1886
246,1876
247,1886
248,1872
249,1852
250,1842
251,1854
252,1818
253,1878
254,1870
255,1890
0,1920
1,1906
2,1860
3,1832
4,1814
5,1776
6,1770
7,1786
8,1772
9,1794
10,1810
11,1812
12,1794
13,1798
14,1796
15,1782
16,1774
17,1830
18,1790
19,1826
20,1784
21,1812
22,1800
23,1804
24,1848
25,1818
26,1836
27,1830
28,1826
29,1820
30,1788
31,1790
32,1820
33,1792
34,1798
35,1790
36,1794
37,1750
38,1732
39,1750
40,1778
41,1762
42,1798
43,1788
44,1794
45,1772
46,1770
47,1744
48,1716
49,1726
50,1710
51,1696
52,1686
53,1694
54,1706
55,1714
56,1692
57,1718
58,1696
59,1676
60,1746
61,1726
62,1754
63,1782
64,1822
65,1830
66,1816
67,1868
68,1882
69,1894
70,1904
71,1904
72,1918
73,1876
74,1856
75,1840
76,1852
77,1876
78,1854
79,1876
80,1876
81,1892
82,1880
83,1870
84,1846
85,1780
86,1762
87,1726
88,1714
89,1736
90,1768
91,1774
92,1798
93,1776
94,1738
95,1746
96,1714
97,1706
98,1716
99,1730
100,1756
101,1782
102,1790
103,1788
104,1780
105,1802
106,1800
107,1804
108,1860
109,1906
110,1912
111,1936
112,1932
113,1910
114,1858
115,1838
116,1796
117,1802
118,1820
119,1818
120,1838
121,1828
122,1854
123,1846
124,1820
125,1810
126,1818
127,1784
128,1774
129,1764
130,1740
131,1754
132,1754
133,1812
134,1810
135,1830
136,1832
137,1850
138,1836
139,1792
140,1796
141,1802
142,1794
143,1802
144,1814
145,1808
146,1866
147,1860
148,1898
149,1898
150,1920
151,1894
152,1914
153,1902
154,1894
155,1894
156,1876
157,1876
158,1860
159,1864
160,1836
161,1798
162,1796
163,1798
164,1762
165,1774
166,1794
167,1796
168,1786
169,1816
170,1800
171,1802
172,1754
173,1750
174,1730
175,1750
176,1744
177,1790
178,1812
179,1798
180,1816
181,1810
182,1820
183,1848
184,1864
185,1856
186,1898
187,1870
188,1870
189,1854
190,1850
191,1854
192,1852
193,1854
194,1860
195,1842
196,1860
197,1852
198,1864
199,1826
200,1822
201,1824
202,1830
203,1822
204,1800
205,1828
206,1826
207,1846
208,1804
209,1842
210,1854
211,1828
212,1896
213,1890
214,1928
215,1930
216,1880
217,1864
218,1800
219,1794
220,1756
221,1798
222,1818
223,1868
224,1876
225,1916
226,1886
227,1864
228,1882
229,1900
230,1884
231,1906
232,1910
233,1934
234,1910
235,1918
236,1898
237,1864
238,1880
239,1852
240,1864
241,1868
242,1838
243,1860
244,1870
245,1878
246,1876
247,1866
248,1874
249,1880
250,1890
251,1916
252,1930
253,1942
254,1924
255,1904
0,1884
1,1868
2,1828
3,1814
4,1826
5,1822
6,1822
7,1862
8,1906
9,1922
10,1882
11,1892
12,1858
13,1846
14,1820
15,1832
16,1840
17,1828
18,1826
19,1844
20,1826
21,1832
22,1814
23,1816
24,1806
25,1844
26,1840
27,1850
28,1868
29,1868
30,1866
31,1854
32,1830
33,1850
34,1860
35,1888
36,1876
37,1858
38,1846
39,1830
40,1820
41,1840
42,1838
43,1834
44,1848
45,1858
46,1830
47,1832
48,1824
49,1868
50,1864
51,1850
52,1828
53,1832
54,1802
55,1808
56,1776
57,1770
58,1824
59,1820
60,1854
61,1842
62,1872
63,1890
64,1870
65,1902
66,1880
67,1904
68,1870
69,1868
70,1882
71,1884
72,1836
73,1860
74,1830
75,1830
76,1836
77,1824
78,1826
79,1832
80,1828
81,1826
82,1836
83,1814
84,1796
85,1812
86,1792
87,1800
88,1780
89,1800
90,1818
91,1840
92,1816
93,1846
94,1784
95,1800
96,1784
97,1794
98,1778
99,1768
100,1762
101,1752
102,1778
103,1786
104,1826
105,1854
106,1886
107,1914
108,1930
109,1958
110,1974
111,2012
112,1998
113,1960
114,1940
115,1912
116,1904
117,1898
118,1904
119,1918
120,1908
121,1898
122,1872
123,1850
124,1848
125,1820
126,1836
127,1844
128,1870
129,1892
130,1894
131,1894
132,1902
133,1866
134,1836
135,1816
136,1794
137,1796
138,1814
139,1824
140,1856
141,1844
142,1844
143,1836
144,1832
145,1798
146,1790
147,1782
148,1780
149,1810
150,1834
151,1868
152,1848
153,1874
154,1886
155,1890
156,1892
157,1890
158,1900
159,1892
160,1862
161,1846
162,1842
163,1810
164,1796
165,1786
166,1756
167,1764
168,1760
169,1780
170,1822
171,1854
172,1888
173,1870
174,1836
175,1778
176,1752
177,1736
178,1778
179,1802
180,1844
181,1824
182,1846
183,1796
184,1776
185,1760
186,1782
187,1782
188,1836
189,1826
190,1844
191,1802
192,1822
193,1764
194,1770
195,1748
196,1758
197,1808
198,1806
199,1810
200,1812
201,1822
202,1844
203,1844
204,1862
205,1842
206,1846
207,1868
208,1862
209,1856
210,1822
211,1838
212,1812
213,1818
214,1804
215,1778
216,1794
217,1786
218,1776
219,1794
220,1766
221,1774
222,1776
223,1766
224,1758
225,1790
226,1812
227,1818
228,1836
229,1830
230,1834
231,1844
232,1854
233,1842
234,1854
235,1830
236,1814
237,1810
238,1796
239,1804
240,1812
241,1818
242,1818
243,1826
244,1832
245,1852
246,1858
247,1890
248,1864
249,1902
250,1882
251,1908
252,1892
253,1884
254,1884
255,1860
0,1830
1,1820
2,1792
3,1794
4,1778
5,1788
6,1778
7,1800
8,1812
9,1824
10,1804
11,1806
12,1820
13,1834
14,1844
15,1834
16,1836
17,1836
18,1832
19,1828
20,1856
21,1870
22,1882
23,1954
24,1946
25,1948
26,1946
27,1920
28,1920
29,1912
30,1874
31,1860
32,1814
33,1772
34,1772
35,1746
36,1768
37,1796
38,1842
39,1856
40,1856
41,1850
42,1824
43,1836
44,1828
45,1852
46,1894
47,1868
48,1902
49,1860
50,1876
51,1854
52,1840
53,1842
54,1842
55,1818
56,1828
57,1810
58,1812
59,1842
60,1862
61,1892
62,1884
63,1856
64,1848
65,1822
66,1826
67,1820
68,1854
69,1906
70,1926
71,1934
72,1898
73,1882
74,1854
75,1804
76,1810
77,1832
78,1830
79,1890
80,1886
81,1874
82,1852
83,1822
84,1838
85,1812
86,1842
87,1844
88,1852
89,1840
90,1834
91,1826
92,1838
93,1842
94,1874
95,1904
96,1922
97,1924
98,1912
99,1914
100,1908
101,1896
102,1932
103,1936
104,1984
105,1986
106,2008
107,1980
108,1928
109,1898
110,1872
111,1860
112,1908
113,1914
114,2000
115,2048
116,2028
117,1964
118,1900
119,1848
120,1878
121,1902
122,1904
123,1850
124,1816
125,1852
126,1838
127,1890
128,1880
129,1908
130,1892
131,1960
132,1956
133,1960
134,1922
135,1910
136,1890
137,1900
138,1952
139,1990
140,2056
141,2012
142,1992
143,1970
144,2018
145,2068
146,2060
147,2020
148,1994
149,1994
150,2000
151,1948
152,1934
153,1898
154,1854
155,1866
156,1886
157,1912
158,1906
159,1924
160,1884
161,1898
162,1892
163,1922
164,1934
165,1898
166,1914
167,1886
168,1906
169,1972
170,1996
171,2020
172,2014
173,2018
174,2028
175,1994
176,1980
177,1990
178,1948
179,1954
180,1906
181,1910
182,1946
183,1970
184,2008
185,1944
186,1856
187,1860
188,1860
189,1876
190,1852
191,1864
192,1870
193,1828
194,1848
195,1822
196,1800
197,1884
198,1862
199,1836
200,1804
201,1816
202,1848
203,1952
204,1962
205,1970
206,1930
207,1954
208,2114
209,2274
210,2280
211,2218
212,2194
213,2166
214,2116
215,2150
216,2016
217,1880
218,1846
219,1786
220,1796
221,1846
222,1816
223,1816
224,1756
225,1708
226,1754
227,1782
228,1770
229,1754
230,1742
231,1768
232,1848
233,1894
234,1932
235,1978
236,1982
237,2002
238,2018
239,2044
240,2084
241,2106
242,2090
243,2116
244,2120
245,2030
246,1958
247,1958
248,1942
249,1876
250,1810
251,1790
252,1788
253,1752
254,1794
255,1790
0,1760
1,1806
2,1874
3,1920
4,1956
5,1968
6,2030
7,2036
8,2094
9,2134
10,2156
11,2090
12,2138
13,2138
14,2062
15,2066
16,2184
17,2112
18,2078
19,2000
20,1856
21,1776
22,1842
23,1810
24,1676
25,1622
26,1712
27,1772
28,1740
29,1794
30,1816
31,1854
32,1916
33,2040
34,2056
35,2126
36,2162
37,2116
38,2074
39,2092
40,2092
41,2050
42,1976
43,1956
44,1940
45,1944
46,1876
47,1928
48,1948
49,1916
50,1948
51,1928
52,1780
53,1726
54,1764
55,1760
56,1722
57,1746
58,1710
59,1678
60,1662
61,1672
62,1694
63,1712
64,1760
65,1844
66,1894
67,1928
68,1970
69,2034
70,2004
71,2014
72,2072
73,2112
74,2058
75,2090
76,2128
77,2110
78,2044
79,2176
80,2066
81,1930
82,2040
83,2076
84,1898
85,1874
86,1930
87,1862
88,1850
89,1858
90,1824
91,1780
92,1740
93,1728
94,1730
95,1732
96,1788
97,1798
98,1850
99,1934
100,2056
101,2074
102,2032
103,2102
104,2182
105,2100
106,2000
107,2004
108,2036
109,1960
110,2050
111,2068
112,1982
113,1932
114,1948
115,1980
116,1898
117,1884
118,1856
119,1776
120,1752
121,1786
122,1796
123,1714
124,1702
125,1770
126,1854
127,1864
128,1936
129,1926
130,1960
131,2026
132,2100
133,2074
134,2096
135,2136
136,2182
137,2088
138,2144
139,2132
140,2038
141,1994
142,2022
143,2006
144,1860
145,1884
146,1930
147,1846
148,1780
149,1800
150,1748
151,1762
152,1894
153,1850
154,1810
155,1924
156,1980
157,1962
158,1996
159,2110
160,2148
161,2142
162,2060
163,2086
164,2080
165,2026
166,2008
167,2040
168,2062
169,1944
170,1920
171,1884
172,1798
173,1724
174,1758
175,1770
176,1714
177,1788
178,1832
179,1734
180,1744
181,1766
182,1740
183,1792
184,1718
185,1762
186,1874
187,1934
188,1942
189,1900
190,1860
191,1896
192,1996
193,2048
194,2048
195,2036
196,2024
197,1984
198,1956
199,2002
200,1886
201,1870
202,1924
203,1930
204,1878
205,1904
206,1958
207,1872
208,1902
209,1912
210,1814
211,1840
212,1850
213,1768
214,1690
215,1726
216,1730
217,1648
218,1664
219,1788
220,1846
221,1852
222,1788
223,1874
224,1942
225,1868
226,1824
227,1942
228,1928
229,1932
230,1908
231,1866
232,1784
233,1788
234,1884
235,1852
236,1816
237,1950
238,1930
239,1856
240,1934
241,1928
242,1842
243,1844
244,1904
245,1920
246,1890
247,1880
248,1870
249,1858
250,1908
251,1934
252,1914
253,1874
254,1904
255,1956
0,1934
1,1940
2,1922
3,1904
4,1884
5,1948
6,1942
7,1926
8,1996
9,2008
10,1936
11,1952
12,2000
13,1978
14,1920
15,1938
16,1962
17,1856
18,1728
19,1780
20,1868
21,1774
22,1714
23,1722
24,1746
25,1732
26,1770
27,1874
28,1932
29,1852
30,1848
31,1942
32,2006
33,1944
34,1880
35,1870
36,1792
37,1816
38,1796
39,1820
40,1822
41,1838
42,1892
43,2012
44,2092
45,2112
46,2118
47,2056
48,2056
49,2068
50,2088
51,2000
52,1964
53,1882
54,1752
55,1828
56,1810
57,1724
58,1750
59,1772
60,1814
61,1784
62,1814
63,1828
64,1752
65,1650
66,1728
67,1824
68,1848
69,1844
70,1912
71,1862
72,1864
73,1924
74,1954
75,1968
76,1998
77,1992
78,1968
79,1948
80,1914
81,1852
82,1782
83,1800
84,1896
85,1832
86,1774
87,1766
88,1756
89,1724
90,1772
91,1822
92,1824
93,1832
94,1822
95,1888
96,1906
97,1920
98,1910
99,1944
100,2032
101,2074
102,1994
103,1964
104,1966
105,1972
106,2004
107,1906
108,1858
109,1886
110,1878
111,1792
112,1774
113,1726
114,1802
115,1840
116,1918
117,1920
118,1836
119,1860
120,1920
121,1978
122,2034
123,2016
124,1990
125,1912
126,1982
127,2004
128,1912
129,1892
130,1906
131,1870
132,1940
133,1938
134,1888
135,1936
136,1960
137,1922
138,1900
139,1938
140,1966
141,1904
142,1882
143,1888
144,1930
145,1896
146,1882
147,1904
148,1904
149,1908
150,1992
151,1986
152,1932
153,1924
154,1950
155,1948
156,1810
157,1796
158,1810
159,1770
160,1770
161,1730
162,1668
163,1634
164,1714
165,1838
166,1814
167,1716
168,1702
169,1814
170,1938
171,1990
172,1914
173,1896
174,1936
175,2038
176,2058
177,1902
178,1778
179,1840
180,1876
181,1888
182,1866
183,1842
184,1802
185,1848
186,1890
187,1902
188,1862
189,1776
190,1770
191,1752
192,1666
193,1628
194,1616
195,1706
196,1818
197,1826
198,1780
199,1834
200,1920
201,2050
202,2044
203,2000
204,1990
205,1934
206,1964
207,1980
208,1964
209,1816
210,1796
211,1860
212,1878
213,1784
214,1764
215,1826
216,1876
217,1966
218,2048
219,2092
220,2196
221,2302
222,2340
223,2286
224,2246
225,2166
226,2126
227,2052
228,1972
229,1940
230,1848
231,1854
232,1942
233,1854
234,1820
235,1864
236,1852
237,1850
238,1906
239,1956
240,1888
241,1824
242,1826
243,1878
244,1826
245,1746
246,1672
247,1666
248,1702
249,1776
250,1786
251,1778
252,1776
253,1826
254,1892
255,1920
0,1958
1,1968
2,2024
3,2082
4,2086
5,1954
6,1824
7,1812
8,1836
9,1818
10,1794
11,1740
12,1740
13,1754
14,1744
15,1662
16,1574
17,1590
18,1700
19,1734
20,1786
21,1804
22,1808
23,1810
24,1812
25,1826
26,1664
27,1544
28,1590
29,1642
30,1608
31,1448
32,1408
33,1462
34,1564
35,1612
36,1460
37,1334
38,1402
39,1596
40,1674
41,1610
42,1550
43,1584
44,1628
45,1714
46,1728
47,1694
48,1616
49,1742
50,1960
51,2150
52,2300
53,2290
54,2322
55,2406
56,2564
57,2492
58,2342
59,2254
60,2270
61,2244
62,2210
63,2140
64,1968
65,1874
66,1774
67,1744
68,1726
69,1784
70,1780
71,1870
72,2032
73,2238
74,2316
75,2410
76,2578
77,2724
78,2816
79,2902
80,2872
81,2740
82,2642
83,2544
84,2466
85,2350
86,2140
87,1968
88,1914
89,1828
90,1692
91,1630
92,1610
93,1672
94,1782
95,1854
96,1882
97,1908
98,1960
99,1958
100,1860
101,1762
102,1644
103,1632
104,1590
105,1566
106,1554
107,1536
108,1526
109,1576
110,1646
111,1666
112,1702
113,1830
114,1968
115,2014
116,1948
117,1810
118,1724
119,1668
120,1730
121,1628
122,1464
123,1424
124,1432
125,1424
126,1456
127,1452
128,1438
129,1514
130,1642
131,1742
132,1766
133,1804
134,1740
135,1714
136,1660
137,1484
138,1334
139,1244
140,1164
141,1098
142,922
143,748
144,668
145,718
146,870
147,1182
148,1538
149,1822
150,2122
151,2496
152,2898
153,3266
154,3468
155,3414
156,3292
157,3240
158,3196
159,2944
160,2518
161,2042
162,1576
163,1320
164,1228
165,1060
166,908
167,942
168,1066
169,1356
170,1702
171,1986
172,2186
173,2452
174,2738
175,2948
176,3134
177,3174
178,3008
179,2852
180,2742
181,2526
182,2276
183,2142
184,2048
185,2018
186,1964
187,1910
188,1908
189,1966
190,1980
191,2052
192,2166
193,2168
194,2102
195,2030
196,1972
197,1814
198,1686
199,1656
200,1592
201,1534
202,1564
203,1580
204,1782
205,1824
206,1950
207,2112
208,2312
209,2408
210,2480
211,2466
212,2446
213,2330
214,2254
215,2160
216,1936
217,1720
218,1486
219,1302
220,1236
221,1206
222,1168
223,1200
224,1344
225,1458
226,1666
227,1810
228,1874
229,1954
230,2048
231,2148
232,2110
233,2006
234,1856
235,1656
236,1478
237,1242
238,1008
239,772
240,646
241,466
242,352
243,324
244,318
245,396
246,522
247,688
248,948
249,1264
250,1726
251,2252
252,2766
253,3088
254,3266
255,3396
0,3510
1,3404
2,3226
3,2936
4,2636
5,2226
6,1828
7,1380
8,1014
9,738
10,634
11,664
12,774
13,1056
14,1396
15,1642
16,1882
17,2238
18,2488
19,2712
20,2928
21,3098
22,3116
23,3012
24,2962
25,2754
26,2568
27,2346
28,2154
29,1938
30,1852
31,1924
32,1876
33,1728
34,1682
35,1666
36,1678
37,1730
38,1818
39,1868
40,1858
41,1810
42,1736
43,1676
44,1684
45,1644
46,1596
47,1600
48,1784
49,1902
50,1932
51,2080
52,2314
53,2484
54,2608
55,2712
56,2860
57,2978
58,3040
59,2936
60,2634
61,2310
62,2010
63,1728
64,1404
65,1224
66,1030
67,910
68,894
69,950
70,1092
71,1298
72,1590
73,1898
74,2196
75,2420
76,2468
77,2426
78,2330
79,2148
80,1850
81,1502
82,1142
83,824
84,586
85,296
86,72
87,-124
88,-162
89,-138
90,64
91,290
92,464
93,700
94,1008
95,1422
96,1884
97,2324
98,2692
99,3032
100,3470
101,3742
102,3828
103,3776
104,3678
105,3456
106,3060
107,2576
108,2072
109,1530
110,1006
111,562
112,320
113,174
114,200
115,370
116,686
117,1078
118,1554
119,2032
120,2488
121,2844
122,3256
123,3484
124,3632
125,3592
126,3550
127,3338
128,3188
129,3010
130,2818
131,2542
132,2224
133,1928
134,1746
135,1540
136,1338
137,1176
138,1178
139,1092
140,1060
141,998
142,1080
143,1326
144,1540
145,1690
146,1828
147,2066
148,2176
149,2192
150,2250
151,2308
152,2320
153,2354
154,2308
155,2356
156,2464
157,2440
158,2454
159,2578
160,2640
161,2666
162,2578
163,2492
164,2430
165,2264
166,2034
167,1720
168,1546
169,1398
170,1256
171,1188
172,1154
173,1184
174,1276
175,1390
176,1534
177,1678
178,1866
179,2018
180,2088
181,2098
182,2096
183,2036
184,1814
185,1576
186,1310
187,1024
188,738
189,508
190,306
191,196
192,62
193,-38
194,-80
195,-80
196,2
197,154
198,548
199,1132
200,1866
201,2838
202,3942
203,4816
204,5116
205,5168
206,5132
207,5054
208,4684
209,3896
210,2836
211,1760
212,886
213,108
214,-662
215,-1280
216,-1586
217,-1600
218,-1244
219,-392
220,592
221,1532
222,2312
223,3096
224,3876
225,4504
226,4874
227,5004
228,4880
229,4648
230,4256
231,3810
232,3262
233,2706
234,2188
235,1644
236,1078
237,782
238,698
239,604
240,598
241,628
242,674
243,698
244,964
245,1292
246,1546
247,1826
248,2004
249,2168
250,2208
251,2230
252,2134
253,2004
254,1990
255,2074
0,2218
1,2334
2,2458
3,2524
4,2594
5,2598
6,2620
7,2672
8,2716
9,2734
10,2558
11,2318
12,1970
13,1588
14,1216
15,934
16,832
17,788
18,904
19,1034
20,1250
21,1542
22,1850
23,2166
24,2340
25,2464
26,2554
27,2656
28,2468
29,2184
30,1848
31,1474
32,1068
33,808
34,590
35,352
36,112
37,-90
38,-154
39,-230
40,-292
41,-366
42,-344
43,-242
44,46
45,640
46,1646
47,3022
48,4470
49,5608
50,6042
51,5954
52,5658
53,5596
54,5376
55,4502
56,3006
57,1610
58,600
59,-104
60,-1034
61,-2036
62,-2702
63,-2636
64,-2060
65,-1068
66,136
67,1382
68,2424
69,3306
70,4366
71,5434
72,6188
73,6388
74,6318
75,5880
76,5154
77,4170
78,3266
79,2504
80,1800
81,1086
82,276
83,-294
84,-438
85,-386
86,-416
87,-392
88,-134
89,392
90,1038
91,1708
92,2276
93,2642
94,2900
95,3042
96,3128
97,3062
98,2738
99,2260
100,1834
101,1654
102,1706
103,1836
104,1928
105,2096
106,2424
107,2768
108,3102
109,3374
110,3480
111,3446
112,3136
113,2800
114,2348
115,1808
116,1178
117,550
118,134
119,-40
120,24
121,232
122,612
123,1190
124,1758
125,2334
126,2900
127,3366
128,3656
129,3624
130,3472
131,3082
132,2540
133,1774
134,1110
135,588
136,114
137,-262
138,-572
139,-714
140,-834
141,-806
142,-648
143,-534
144,-340
145,-88
146,192
147,558
148,1286
149,2660
150,4352
151,5812
152,6382
153,6008
154,5354
155,5068
156,5190
157,4832
158,3302
159,1276
160,78
161,-212
162,-540
163,-1608
164,-2736
165,-3116
166,-2622
167,-1602
168,-296
169,1188
170,2568
171,3652
172,4656
173,5822
174,6938
175,7234
176,6878
177,6182
178,5336
179,4202
180,3220
181,2572
182,2094
183,1270
184,300
185,-622
186,-1058
187,-914
188,-604
189,-484
190,-378
191,196
192,1132
193,2064
194,2798
195,3290
196,3524
197,3606
198,3562
199,3502
200,3244
201,2678
202,1850
203,1264
204,1114
205,1074
206,970
207,926
208,1394
209,2112
210,2808
211,3368
212,3860
213,4208
214,4190
215,3944
216,3510
217,2856
218,1980
219,992
220,232
221,-222
222,-476
223,-534
224,-376
225,106
226,896
227,1850
228,2730
229,3442
230,3954
231,4270
232,4298
233,4096
234,3586
235,2872
236,1998
237,1178
238,452
239,-228
240,-762
241,-1224
242,-1480
243,-1412
244,-1102
245,-644
246,-86
247,570
248,1136
249,1448
250,1632
251,1952
252,2300
253,2496
254,2932
255,3984
0,5244
1,5490
2,4690
3,3872
4,3902
5,4312
6,3804
7,1966
8,-20
9,-984
10,-1092
11,-1148
12,-1544
13,-2012
14,-2058
15,-1262
16,206
17,1856
18,3400
19,4618
20,5528
21,6056
22,6254
23,6494
24,6464
25,5770
26,4418
27,3198
28,2772
29,2590
30,2202
31,1098
32,-632
33,-2106
34,-2444
35,-1614
36,-664
37,-70
38,462
39,1126
40,1658
41,2202
42,3130
43,4252
44,4740
45,4524
46,4182
47,4200
48,3886
49,2782
50,1374
51,324
52,-330
53,-810
54,-768
55,-72
56,680
57,974
58,1376
59,2478
60,4012
61,5110
62,5240
63,4728
64,4260
65,3976
66,3602
67,2986
68,2144
69,1326
70,682
71,46
72,-416
73,-656
74,-596
75,-140
76,594
77,1528
78,2428
79,3298
80,4062
81,4178
82,3870
83,3426
84,3042
85,2612
86,2042
87,1376
88,790
89,354
90,-54
91,-580
92,-982
93,-940
94,-600
95,-254
96,-88
97,206
98,832
99,1644
100,2042
101,1546
102,616
103,288
104,1370
105,3476
106,5180
107,5514
108,4614
109,3902
110,4306
111,5154
112,4478
113,1756
114,-1058
115,-1948
116,-1156
117,-856
118,-1564
119,-2146
120,-1536
121,-88
122,1520
123,3000
124,4324
125,4988
126,4770
127,4368
128,4670
129,5686
130,6032
131,5332
132,4220
133,3118
134,2210
135,1450
136,498
137,-958
138,-2292
139,-2494
140,-1574
141,-380
142,774
143,1708
144,2134
145,2246
146,2588
147,3550
148,4662
149,5156
150,4646
151,3682
152,3024
153,2572
154,1886
155,1026
156,-88
157,-1256
158,-2034
159,-1784
160,-656
161,454
162,1108
163,1734
164,2698
165,4066
166,5170
167,5578
168,5240
169,4460
170,3960
171,3938
172,3936
173,3492
174,2512
175,1350
176,-6
177,-1428
178,-2312
179,-2296
180,-1432
181,-414
182,402
183,1386
184,2782
185,4024
186,4342
187,3978
188,3774
189,4082
190,4296
191,4020
192,3348
193,2516
194,1552
195,674
196,-100
197,-896
198,-1516
199,-1810
200,-1718
201,-1570
202,-1238
203,-518
204,490
205,1250
206,1612
207,1576
208,1406
209,1296
210,1664
211,2800
212,4532
213,5702
214,5316
215,4360
216,4258
217,5314
218,5804
219,3820
220,226
221,-2346
222,-2372
223,-1032
224,-440
225,-934
226,-1538
227,-1154
228,184
229,1548
230,2702
231,3472
232,3572
233,3536
234,4254
235,5794
236,6816
237,6414
238,5270
239,3822
240,2722
241,2100
242,1648
243,786
244,-598
245,-1554
246,-1630
247,-924
248,176
249,1028
250,1474
251,1628
252,1808
253,2446
254,3246
255,3764
0,3606
1,2904
2,2418
3,2320
4,2350
5,2040
6,1056
7,-130
8,-1000
9,-714
10,514
11,1546
12,1850
13,1902
14,2650
15,4018
16,5028
17,5110
18,4344
19,3412
20,2588
21,2178
22,2250
23,2386
24,2212
25,1392
26,224
27,-764
28,-1164
29,-1040
30,-684
31,68
32,1206
33,2402
34,3658
35,4420
36,4516
37,4188
38,3934
39,3996
40,3754
41,3240
42,2750
43,2382
44,2184
45,1652
46,636
47,-556
48,-1492
49,-2016
50,-2218
51,-2004
52,-1346
53,-342
54,820
55,1668
56,2118
57,2240
58,2054
59,1562
60,938
61,792
62,1602
63,3458
64,5380
65,5928
66,5062
67,4000
68,4214
69,5036
70,4346
71,1346
72,-1852
73,-2602
74,-1240
75,-176
76,-396
77,-1130
78,-1488
79,-1016
80,338
81,2240
82,3930
83,4646
84,4636
85,4910
86,5734
87,6624
88,7078
89,6742
90,5334
91,3356
92,1790
93,1032
94,432
95,-528
96,-1630
97,-2474
98,-2454
99,-1500
100,-18
101,1028
102,1120
103,1074
104,1848
105,3122
106,3900
107,3936
108,3796
109,3992
110,3980
111,3606
112,3120
113,2396
114,1032
115,-488
116,-874
117,22
118,712
119,778
120,920
121,1676
122,2678
123,3270
124,3376
125,3302
126,3030
127,2666
128,2736
129,3666
130,4606
131,4460
132,3232
133,1782
134,970
135,642
136,318
137,-306
138,-760
139,-340
140,852
141,2178
142,2764
143,2678
144,2560
145,2670
146,2800
147,2924
148,3160
149,3560
150,3864
151,3838
152,3374
153,2244
154,888
155,-402
156,-1254
157,-1812
158,-1982
159,-1342
160,56
161,1210
162,1402
163,1374
164,1994
165,2770
166,2704
167,1954
168,1292
169,1098
170,1062
171,1368
172,2342
173,3618
174,4194
175,3724
176,3230
177,3158
178,3142
179,2390
180,688
181,-1250
182,-2002
183,-694
184,1430
185,2208
186,1302
187,254
188,674
189,2460
190,3836
191,4078
192,4020
193,4224
194,4546
195,4860
196,5620
197,6036
198,5020
199,3132
200,1226
201,-96
202,-658
203,-702
204,-864
205,-1850
206,-2404
207,-1180
208,1066
209,2636
210,2862
211,2798
212,2994
213,3018
214,3166
215,4048
216,5018
217,4650
218,3058
219,2218
220,2508
221,2358
222,858
223,-756
224,-1394
225,-1362
226,-1172
227,-428
228,858
229,1920
230,2254
231,2376
232,2744
233,3028
234,3266
235,3844
236,4782
237,5426
238,5420
239,4984
240,4156
241,2764
242,1010
243,-548
244,-1306
245,-1428
246,-1504
247,-1316
248,-232
249,1252
250,1950
251,1894
252,2120
253,2920
254,3910
255,4672
0,5274
1,5918
2,6260
3,5606
4,3922
5,2076
6,700
7,-536
8,-1614
9,-2164
10,-1768
11,-760
12,212
13,512
14,216
15,60
16,744
17,2022
18,3264
19,3636
20,3188
21,2568
22,2038
23,1226
24,106
25,-884
26,-788
27,664
28,2782
29,3942
30,3274
31,1866
32,1532
33,2582
34,3312
35,2502
36,1364
37,1674
38,3414
39,4546
40,3952
41,2158
42,552
43,-2
44,334
45,1406
46,2840
47,3658
48,3280
49,2302
50,1906
51,2362
52,2976
53,2672
54,1194
55,-118
56,80
57,1530
58,2606
59,2414
60,1508
61,1018
62,1120
63,1572
64,2322
65,3068
66,3274
67,2866
68,2290
69,2034
70,2120
71,2228
72,2028
73,1446
74,950
75,1064
76,1584
77,1800
78,1210
79,272
80,-84
81,388
82,1062
83,1626
84,1822
85,1788
86,1808
87,2514
88,3730
89,4176
90,3428
91,2374
92,2172
93,2600
94,2538
95,1812
96,1332
97,1512
98,1768
99,1504
100,1068
101,972
102,1130
103,1328
104,1474
105,1782
106,2408
107,3306
108,4318
109,5056
110,4736
111,3752
112,2804
113,1832
114,744
115,228
116,728
117,1394
118,1280
119,734
120,766
121,1250
122,1170
123,118
124,-648
125,-284
126,794
127,2258
128,3872
129,4910
130,4450
131,2976
132,1498
133,422
134,-596
135,-1682
136,-2274
137,-2126
138,-1214
139,500
140,2884
141,4256
142,3324
143,1280
144,1210
145,3604
146,5898
147,5616
148,3674
149,2554
150,3062
151,3892
152,3686
153,2444
154,668
155,-884
156,-1066
157,120
158,1268
159,1460
160,1016
161,862
162,1240
163,2174
164,2998
165,2886
166,2012
167,1296
168,1374
169,2116
170,3102
171,3768
172,3468
173,2592
174,2138
175,2318
176,2430
177,1934
178,1294
179,964
180,864
181,978
182,1356
183,2224
184,2808
185,2134
186,892
187,554
188,1090
189,1056
190,96
191,-496
192,208
193,1650
194,2822
195,3028
196,2352
197,1028
198,-70
199,-192
200,814
201,2308
202,3502
203,4150
204,4222
205,4074
206,3822
207,3186
208,2020
209,614
210,-140
211,438
212,1832
213,2758
214,2544
215,2022
216,1968
217,2060
218,1828
219,1324
220,1180
221,1492
222,2138
223,3104
224,4076
225,4468
226,4028
227,3090
228,2332
229,1740
230,1178
231,976
232,1202
233,1258
234,866
235,844
236,1284
237,1500
238,1216
239,756
240,664
241,680
242,492
243,640
244,1436
245,2526
246,2944
247,2700
248,2268
249,1330
250,-274
251,-1902
252,-2578
253,-1960
254,-396
255,1770
0,3598
1,4130
2,3506
3,3424
4,4668
5,5532
6,4126
7,1856
8,1748
9,3986
10,5638
11,4546
12,2016
13,50
14,-692
15,-996
16,-880
17,-128
18,352
19,262
20,352
21,1120
22,2276
23,2946
24,3072
25,2736
26,2286
27,2646
28,3826
29,4708
30,4160
31,2742
32,2124
33,2614
34,3096
35,2520
36,1204
37,124
38,-616
39,-892
40,-406
41,486
42,1054
43,780
44,556
45,1052
46,1950
47,2374
48,2116
49,1626
50,1422
51,1994
52,3050
53,3510
54,2798
55,1472
56,736
57,848
58,1000
59,934
60,1028
61,1326
62,1108
63,826
64,1576
65,3200
66,4062
67,3180
68,1886
69,1874
70,2680
71,2948
72,2192
73,1766
74,2110
75,2522
76,2624
77,2750
78,3164
79,3224
80,2510
81,1564
82,1236
83,1710
84,2340
85,2452
86,1896
87,1590
88,2298
89,3238
90,3070
91,1878
92,1028
93,966
94,1068
95,938
96,640
97,648
98,1158
99,1894
100,2236
101,1816
102,992
103,258
104,-58
105,-92
106,-82
107,-132
108,-34
109,562
110,1684
111,2642
112,2302
113,302
114,-1626
115,-1100
116,1630
117,4026
118,4404
119,3962
120,4504
121,6138
122,7032
123,5706
124,3046
125,900
126,586
127,1750
128,2626
129,1364
130,-1444
131,-2922
132,-2098
133,-496
134,424
135,478
136,252
137,484
138,1982
139,4546
140,6546
141,6764
142,5552
143,4218
144,3624
145,3506
146,3386
147,2854
148,1484
149,-448
150,-1398
151,-680
152,666
153,612
154,-494
155,-1030
156,-590
157,216
158,1018
159,2250
160,3242
161,3090
162,2762
163,3746
164,5520
165,5572
166,3182
167,388
168,-724
169,-132
170,480
171,274
172,-316
173,-656
174,-544
175,-126
176,656
177,1494
178,2236
179,3006
180,3724
181,4022
182,4046
183,4378
184,4694
185,4118
186,2752
187,1988
188,2260
189,2238
190,1376
191,644
192,988
193,1702
194,2004
195,1934
196,2068
197,2564
198,3146
199,3284
200,3042
201,2574
202,2514
203,2712
204,2730
205,2092
206,1186
207,722
208,686
209,590
210,356
211,330
212,660
213,748
214,450
215,504
216,1490
217,2638
218,2802
219,2110
220,1850
221,2374
222,2858
223,2694
224,2038
225,1512
226,1486
227,1780
228,2208
229,1734
230,222
231,-1372
232,-1838
233,-1422
234,-906
235,-308
236,1006
237,2826
238,3900
239,3630
240,3346
241,4254
242,5582
243,5478
244,4204
245,3654
246,3920
247,3334
248,1806
249,700
250,632
251,1056
252,762
253,34
254,-174
255,596
0,1072
1,304
2,-654
3,-336
4,1074
5,2198
6,2440
7,2834
8,3914
9,4696
10,4374
11,3408
12,2796
13,2602
14,2404
15,2434
16,2710
17,2702
18,1938
19,898
20,488
21,532
22,524
23,432
24,308
25,324
26,692
27,1548
28,2134
29,1612
30,562
31,40
32,626
33,1712
34,2378
35,2500
36,2788
37,3108
38,2924
39,2496
40,2550
41,2872
42,2890
43,3064
44,4004
45,5162
46,5148
47,3492
48,1364
49,274
50,124
51,116
52,80
53,296
54,844
55,1440
56,1634
57,1260
58,854
59,1188
60,2144
61,3058
62,3878
63,5082
64,6304
65,6208
66,4542
67,2596
68,1588
69,1354
70,1142
71,908
72,610
73,358
74,-146
75,-580
76,-578
77,-646
78,-1072
79,-1138
80,178
81,2384
82,3888
83,4232
84,3942
85,3294
86,2678
87,2724
88,3630
89,4194
90,3306
91,1884
92,1498
93,2054
94,1970
95,868
96,-8
97,-224
98,-266
99,-250
100,56
101,240
102,-204
103,-574
104,320
105,2286
106,3978
107,4362
108,3790
109,3224
110,3100
111,3358
112,3836
113,3982
114,3582
115,2998
116,2700
117,2218
118,1152
119,-100
120,-762
121,-774
122,-428
123,500
124,2006
125,3052
126,2816
127,1874
128,1594
129,1986
130,2500
131,2632
132,2650
133,2854
134,3064
135,2982
136,2730
137,2244
138,1336
139,364
140,64
141,738
142,1828
143,2570
144,2514
145,2020
146,1620
147,1460
148,1288
149,974
150,852
151,1214
152,1796
153,2010
154,1902
155,1958
156,2146
157,1986
158,1288
159,1014
160,1820
161,3066
162,3570
163,3090
164,2544
165,2656
166,2850
167,2308
168,994
169,-30
170,114
171,1218
172,2168
173,2338
174,2088
175,1924
176,1942
177,1926
178,1978
179,2240
180,2700
181,2800
182,2210
183,1582
184,1506
185,1730
186,1642
187,1192
188,1100
189,1522
190,2042
191,2142
192,2076
193,2116
194,2156
195,2140
196,2122
197,2022
198,1980
199,2234
200,2734
201,2956
202,2580
203,1748
204,1120
205,1092
206,1318
207,1484
208,1446
209,1362
210,1158
211,1012
212,1138
213,1318
214,1316
215,1142
216,1374
217,2142
218,2756
219,2668
220,2264
221,2024
222,1618
223,764
224,130
225,456
226,988
227,540
228,-614
229,-1094
230,-338
231,988
232,2056
233,2714
234,2940
235,3156
236,3892
237,5218
238,6274
239,5760
240,4112
241,2654
242,2282
243,2362
244,2068
245,920
246,-852
247,-2068
248,-1894
249,-878
250,-188
251,-222
252,-264
253,192
254,998
255,2002
0,3176
1,4384
2,4678
3,4204
4,4088
5,4660
6,4962
7,4102
8,2672
9,1754
10,1496
11,1390
12,1046
13,610
14,-74
15,-732
16,-776
17,-348
18,12
19,44
20,480
21,1318
22,1916
23,2328
24,2860
25,3568
26,3642
27,3006
28,2624
29,2612
30,2628
31,2252
32,1742
33,1728
34,2042
35,2268
36,2026
37,1712
38,1592
39,1486
40,1210
41,974
42,1120
43,1632
44,1956
45,1926
46,1824
47,2092
48,2402
49,1992
50,1080
51,482
52,750
53,1592
54,2496
55,3048
56,3140
57,2934
58,2716
59,2754
60,2786
61,2576
62,2302
63,2316
64,2284
65,1804
66,1190
67,1000
68,950
69,654
70,290
71,306
72,520
73,416
74,156
75,698
76,2060
77,3286
78,3562
79,3170
80,2762
81,2642
82,2802
83,2784
84,2386
85,1878
86,2024
87,2812
88,3130
89,2376
90,1066
91,56
92,-580
93,-1086
94,-1038
95,-320
96,630
97,1144
98,1368
99,1902
100,2748
101,3204
102,2944
103,2460
104,2510
105,3010
106,3328
107,2990
108,2380
109,1952
110,1632
111,1236
112,644
113,82
114,-282
115,-388
116,-338
117,30
118,1042
119,2476
120,3336
121,3380
122,3206
123,3404
124,3456
125,2728
126,1642
127,1224
128,1750
129,2418
130,2450
131,2074
132,1806
133,1512
134,962
135,290
136,124
137,504
138,918
139,1126
140,1548
141,2298
142,3020
143,3044
144,2402
145,1472
146,992
147,1266
148,1920
149,2370
150,2640
151,3018
152,3390
153,3208
154,2600
155,2276
156,2488
157,2516
158,2000
159,1566
160,1926
161,2532
162,2302
163,1176
164,304
165,448
166,884
167,782
168,572
169,998
170,1938
171,2522
172,2440
173,2204
174,2314
175,2800
176,3308
177,3514
178,3352
179,3120
180,3040
181,2994
182,2452
183,1750
184,1432
185,1226
186,574
187,-92
188,-86
189,402
190,620
191,392
192,476
193,1300
194,2252
195,2648
196,2764
197,2890
198,2772
199,2208
200,1772
201,1886
202,2462
203,3034
204,3174
205,2866
206,2536
207,2282
208,1804
209,852
210,-78
211,-238
212,614
213,1762
214,2398
215,2446
216,2150
217,1554
218,752
219,460
220,1208
221,2292
222,2502
223,1908
224,1568
225,1912
226,2180
227,1810
228,986
229,636
230,904
231,1622
232,2252
233,2416
234,1920
235,1194
236,622
237,376
238,548
239,1180
240,1950
241,2206
242,2068
243,2252
244,3022
245,3596
246,3182
247,2312
248,2052
249,2364
250,2594
251,2326
252,1896
253,1572
254,1302
255,1036
0,998
1,1308
2,1340
3,916
4,560
5,626
6,874
7,1008
8,1144
9,1576
10,2240
11,2722
12,2804
13,2754
14,2724
15,2588
16,2318
17,2230
18,2400
19,2850
20,3250
21,3404
22,3184
23,2686
24,1976
25,1186
26,848
27,1116
28,1354
29,1244
30,1156
31,1508
32,2074
33,2136
34,1522
35,1040
36,1238
37,1910
38,2438
39,2792
40,3226
41,3542
42,3340
43,2726
44,2182
45,1998
46,1946
47,1880
48,1902
49,2108
50,2240
51,1948
52,1190
53,392
54,-18
55,224
56,692
57,928
58,1172
59,1680
60,2386
61,2654
62,2226
63,1808
64,1870
65,2324
66,2612
67,2626
68,2656
69,2672
70,2520
71,2250
72,2176
73,2008
74,1612
75,1112
76,1066
77,1164
78,1184
79,1110
80,1150
81,1298
82,1260
83,1052
84,1024
85,1554
86,2282
87,2468
88,2196
89,2196
90,2670
91,3000
92,2578
93,1936
94,1750
95,2086
96,2360
97,2152
98,1808
99,1668
100,1684
101,1376
102,830
103,504
104,664
105,1086
106,1348
107,1550
108,1892
109,2368
110,2492
111,2086
112,1780
113,2050
114,2478
115,2442
116,2082
117,1968
118,2282
119,2454
120,2074
121,1358
122,832
123,716
124,876
125,1046
126,992
127,782
128,534
129,456
130,546
131,896
132,1400
133,1648
134,1622
135,1878
136,2710
137,3590
138,3860
139,3552
140,3324
141,3286
142,3098
143,2638
144,2480
145,2586
146,2402
147,1746
148,1320
149,1442
150,1512
151,1060
152,372
153,314
154,906
155,1628
156,2056
157,2154
158,2158
159,2308
160,2554
161,2590
162,2298
163,2194
164,2558
165,3086
166,3180
167,2952
168,2928
169,3020
170,2602
171,1628
172,988
173,1274
174,1812
175,1736
176,1202
177,1030
178,1380
179,1582
180,1218
181,468
182,158
183,656
184,1722
185,2590
186,2922
187,2982
188,3000
189,2696
190,2024
191,1492
192,1722
193,2304
194,2452
195,2082
196,1778
197,1748
198,1598
199,1008
200,426
201,358
202,904
203,1574
204,1994
205,1962
206,1778
207,1650
208,1692
209,1708
210,1666
211,1806
212,2128
213,2494
214,2744
215,2970
216,3108
217,2790
218,1958
219,1322
220,1434
221,1978
222,2246
223,2070
224,1812
225,1882
226,2048
227,1938
228,1400
229,826
230,642
231,952
232,1288
233,1336
234,1350
235,1574
236,1902
237,2054
238,1972
239,1862
240,1740
241,1768
242,1964
243,2240
244,2462
245,2516
246,2488
247,2430
248,2226
249,1756
250,1260
251,924
252,720
253,686
254,864
255,1082
0,1346
1,1558
2,1752
3,1776
4,1428
5,884
6,720
7,1300
8,2224
9,2918
10,3212
11,3348
12,3274
13,2910
14,2450
15,2328
16,2452
17,2540
18,2224
19,1682
20,1390
21,1520
22,1486
23,926
24,370
25,248
26,564
27,948
28,1226
29,1590
30,2036
31,2430
32,2502
33,2498
34,2778
35,3306
36,3760
37,3908
38,3748
39,3638
40,3598
41,3426
42,2882
43,2206
44,1792
45,1654
46,1468
47,1008
48,388
49,2
50,-128
51,-184
52,-14
53,522
54,1266
55,1792
56,2134
57,2484
58,2856
59,3174
60,3390
61,3406
62,3292
63,3058
64,2916
65,2788
66,2554
67,1976
68,1182
69,642
70,544
71,626
72,510
73,304
74,344
75,798
76,1372
77,1786
78,1850
79,1842
80,2130
81,2692
82,3008
83,2974
84,2728
85,2556
86,2468
87,2352
88,2232
89,2162
90,2080
91,1706
92,1218
93,832
94,622
95,578
96,636
97,810
98,1082
99,1422
100,1660
101,1704
102,1754
103,1800
104,1930
105,2054
106,2174
107,2360
108,2510
109,2546
110,2388
111,2272
112,2282
113,2102
114,1744
115,1414
116,1224
117,1198
118,1148
119,1058
120,902
121,916
122,954
123,860
124,762
125,894
126,1238
127,1546
128,1676
129,1846
130,2150
131,2536
132,2646
133,2648
134,2716
135,2946
136,3184
137,3152
138,2842
139,2516
140,2210
141,1912
142,1576
143,1386
144,1392
145,1386
146,1312
147,1218
148,1252
149,1330
150,1216
151,1050
152,1130
153,1398
154,1662
155,2008
156,2418
157,2566
158,2312
159,2082
160,2246
161,2614
162,2774
163,2626
164,2438
165,2314
166,2246
167,2070
168,1830
169,1534
170,1312
171,1174
172,1260
173,1382
174,1438
175,1482
176,1540
177,1524
178,1582
179,1882
180,2378
181,2536
182,2342
183,2254
184,2420
185,2552
186,2378
187,2176
188,2022
189,1780
190,1476
191,1332
192,1526
193,1632
194,1344
195,950
196,892
197,1200
198,1320
199,1178
200,1158
201,1492
202,2010
203,2272
204,2208
205,2140
206,2216
207,2356
208,2406
209,2298
210,2286
211,2234
212,2028
213,1586
214,1224
215,1162
216,1290
217,1284
218,1026
219,848
220,1106
221,1548
222,1706
223,1494
224,1288
225,1470
226,1596
227,1528
228,1548
229,1854
230,2250
231,2228
232,1888
233,1616
234,1552
235,1570
236,1446
237,1334
238,1348
239,1472
240,1538
241,1528
242,1444
243,1320
244,1290
245,1268
246,1238
247,1370
248,1658
249,2016
250,2034
251,1954
252,1922
253,2144
254,2456
255,2506
0,2360
1,2112
2,1980
3,2066
4,2488
5,2770
6,2604
7,2168
8,1936
9,2002
10,2134
11,2058
12,1774
13,1554
14,1460
15,1262
16,1058
17,1094
18,1272
19,1334
20,1280
21,1422
22,1844
23,2354
24,2644
25,2720
26,2694
27,2790
28,2890
29,2834
30,2458
31,2052
32,1836
33,1812
34,1892
35,1802
36,1616
37,1342
38,1070
39,796
40,884
41,1226
42,1612
43,1686
44,1652
45,1698
46,1990
47,2290
48,2426
49,2128
50,1876
51,2016
52,2468
53,2818
54,2730
55,2390
56,2188
57,2110
58,1778
59,1446
60,1208
61,1292
62,1442
63,1660
64,1852
65,1970
66,1850
67,1562
68,1416
69,1480
70,1766
71,2050
72,2240
73,2220
74,2144
75,2220
76,2310
77,2258
78,1936
79,1552
80,1400
81,1410
82,1398
83,1352
84,1356
85,1252
86,1004
87,832
88,1002
89,1280
90,1332
91,1316
92,1400
93,1704
94,1878
95,1858
96,1826
97,1958
98,2194
99,2428
100,2612
101,2612
102,2362
103,1950
104,1654
105,1532
106,1558
107,1596
108,1608
109,1524
110,1352
111,1282
112,1360
113,1488
114,1394
115,1228
116,1372
117,1840
118,2190
119,2218
120,2272
121,2336
122,2362
123,2276
124,2288
125,2390
126,2534
127,2486
128,2390
129,2314
130,2282
131,2238
132,2112
133,1910
134,1628
135,1406
136,1454
137,1686
138,1818
139,1796
140,1746
141,1800
142,1908
143,1896
144,1758
145,1826
146,1992
147,2172
148,2204
149,2312
150,2444
151,2612
152,2584
153,2276
154,2000
155,1930
156,1992
157,2080
158,2084
159,2172
160,2260
161,2162
162,1768
163,1298
164,1076
165,1110
166,1188
167,1220
168,1430
169,1856
170,2308
171,2440
172,2304
173,2132
174,2128
175,2176
176,2310
177,2536
178,2886
179,3042
180,2922
181,2574
182,2352
183,2174
184,1840
185,1332
186,1058
187,1106
188,1370
189,1470
190,1428
191,1430
192,1510
193,1556
194,1538
195,1518
196,1700
197,2006
198,2294
199,2524
200,2646
201,2718
202,2682
203,2398
204,1984
205,1770
206,1732
207,1684
208,1564
209,1348
210,1268
211,1324
212,1366
213,1280
214,1172
215,1132
216,1072
217,1100
218,1322
219,1622
220,1922
221,2052
222,2192
223,2310
224,2386
225,2342
226,2150
227,1968
228,1928
229,1870
230,1864
231,1886
232,1922
233,1876
234,1686
235,1530
236,1490
237,1546
238,1584
239,1596
240,1618
241,1810
242,2016
243,2098
244,2136
245,2252
246,2252
247,2176
248,2096
249,2110
250,2214
251,2190
252,2078
253,1968
254,1982
255,2034
0,1994
1,1818
2,1764
3,1876
4,2050
5,2076
6,1974
7,1836
8,1870
9,1980
10,1996
11,2066
12,2270
13,2508
14,2490
15,2158
16,1932
17,1884
18,1950
19,1984
20,1972
21,1892
22,1938
23,2030
24,2028
25,1942
26,1772
27,1628
28,1684
29,1836
30,1984
31,2012
32,2020
33,1990
34,1898
35,1840
36,1800
37,1766
38,1718
39,1794
40,1910
41,2008
42,1978
43,1970
44,1858
45,1762
46,1732
47,1830
48,2026
49,2202
50,2316
51,2318
52,2246
53,2222
54,2296
55,2304
56,2056
57,1742
58,1604
59,1660
60,1718
61,1678
62,1522
63,1400
64,1288
65,1222
66,1338
67,1554
68,1712
69,1794
70,1930
71,2132
72,2190
73,2236
74,2200
75,2194
76,2186
77,2132
78,2098
79,2012
80,1790
81,1526
82,1320
83,1212
84,1106
85,938
86,772
87,856
88,1022
89,1248
90,1466
91,1646
92,1796
93,1984
94,2202
95,2446
96,2506
97,2466
98,2306
99,2232
100,2188
101,2078
102,1930
103,1812
104,1710
105,1618
106,1384
107,1168
108,1120
109,1276
110,1470
111,1540
112,1522
113,1670
114,1950
115,2250
116,2374
117,2372
118,2338
119,2366
120,2432
121,2404
122,2324
123,2202
124,2076
125,1864
126,1586
127,1408
128,1344
129,1370
130,1388
131,1398
132,1436
133,1524
134,1708
135,1864
136,2014
137,2204
138,2392
139,2626
140,2736
141,2724
142,2562
143,2376
144,2166
145,1966
146,1748
147,1644
148,1596
149,1606
150,1430
151,1240
152,1134
153,1262
154,1366
155,1412
156,1462
157,1702
158,2050
159,2388
160,2564
161,2574
162,2432
163,2318
164,2338
165,2474
166,2536
167,2486
168,2356
169,2094
170,1778
171,1480
172,1394
173,1358
174,1338
175,1314
176,1500
177,1704
178,1808
179,1800
180,1766
181,1734
182,1712
183,1768
184,1994
185,2200
186,2248
187,2216
188,2228
189,2236
190,2046
191,1728
192,1494
193,1496
194,1516
195,1570
196,1720
197,1848
198,1834
199,1664
200,1496
201,1472
202,1530
203,1540
204,1636
205,1756
206,1754
207,1724
208,1616
209,1548
210,1380
211,1280
212,1342
213,1596
214,1854
215,1912
216,1890
217,1892
218,1864
219,1878
220,2016
221,2234
222,2384
223,2342
224,2222
225,2202
226,2164
227,2020
228,1762
229,1596
230,1484
231,1404
232,1392
233,1378
234,1386
235,1310
236,1288
237,1414
238,1604
239,1740
240,1918
241,2128
242,2404
243,2522
244,2518
245,2426
246,2458
247,2500
248,2396
249,2176
250,2014
251,1916
252,1776
253,1612
254,1468
255,1420
0,1522
1,1592
2,1682
3,1678
4,1690
5,1756
6,1892
7,1956
8,1918
9,1828
10,1922
11,2106
12,2182
13,2054
14,1980
15,2018
16,2036
17,1914
18,1798
19,1740
20,1766
21,1782
22,1778
23,1824
24,1876
25,1914
26,1872
27,1888
28,1934
29,2062
30,2156
31,2186
32,2164
33,2064
34,1976
35,1894
36,1860
37,1854
38,1808
39,1690
40,1708
41,1834
42,1910
43,1836
44,1640
45,1504
46,1596
47,1786
48,1872
49,1832
50,1810
51,1838
52,1888
53,1878
54,1778
55,1772
56,1808
57,1826
58,1796
59,1818
60,1852
61,1938
62,1948
63,1846
64,1804
65,1866
66,1924
67,1888
68,1692
69,1602
70,1638
71,1690
72,1592
73,1482
74,1528
75,1630
76,1740
77,1792
78,1926
79,2012
80,1986
81,1904
82,1876
83,1838
84,1694
85,1612
86,1710
87,1774
88,1772
89,1770
90,1784
91,1732
92,1592
93,1440
94,1374
95,1434
96,1570
97,1730
98,1840
99,1898
100,1892
101,1874
102,1942
103,1994
104,1928
105,1790
106,1870
107,2054
108,2088
109,1946
110,1828
111,1792
112,1774
113,1776
114,1796
115,1798
116,1850
117,1830
118,1862
119,1880
120,1832
121,1770
122,1844
123,1926
124,2016
125,2122
126,2156
127,2214
128,2236
129,2192
130,2024
131,1864
132,1816
133,1830
134,1818
135,1746
136,1806
137,1838
138,1782
139,1648
140,1522
141,1518
142,1590
143,1702
144,1778
145,1810
146,1836
147,1920
148,1966
149,1998
150,2024
151,2012
152,2046
153,2112
154,2092
155,2104
156,2076
157,1938
158,1804
159,1726
160,1668
161,1502
162,1350
163,1430
164,1580
165,1606
166,1522
167,1478
168,1598
169,1730
170,1774
171,1794
172,1832
173,1990
174,2106
175,2124
176,2088
177,1974
178,1888
179,1814
180,1742
181,1646
182,1656
183,1720
184,1838
185,1798
186,1716
187,1710
188,1758
189,1688
190,1598
191,1654
192,1894
193,2022
194,2046
195,1904
196,1878
197,1816
198,1788
199,1838
200,1972
201,1984
202,1930
203,1862
204,1888
205,1936
206,1890
207,1762
208,1606
209,1494
210,1496
211,1652
212,1740
213,1714
214,1680
215,1638
216,1746
217,1758
218,1714
219,1678
220,1674
221,1748
222,1800
223,1904
224,1976
225,1916
226,1806
227,1692
228,1756
229,1866
230,1956
231,1928
232,1856
233,1832
234,1860
235,1908
236,1968
237,1956
238,2014
239,2048
240,1994
241,1948
242,1936
243,1872
244,1786
245,1790
246,1760
247,1808
248,1918
249,1988
250,2080
251,2080
252,1990
253,2024
254,2014
255,1966
0,1972
1,2050
2,2040
3,2096
4,2146
5,2108
6,1978
7,1804
8,1716
9,1684
10,1584
11,1486
12,1500
13,1642
14,1736
15,1810
16,1812
17,1784
18,1794
19,1922
20,2064
21,2132
22,2136
23,2182
24,2160
25,2044
26,1976
27,1902
28,1846
29,1800
30,1784
31,1728
32,1818
33,1960
34,1940
35,1712
36,1776
37,1832
38,1872
39,1854
40,1922
41,1866
42,1784
43,1786
44,1816
45,1808
46,1724
47,1710
48,1702
49,1624
50,1704
51,1880
52,1898
53,1922
54,2038
55,2064
56,2084
57,2130
58,2144
59,1974
60,1772
61,1814
62,1850
63,1836
64,1802
65,1698
66,1642
67,1630
68,1708
69,1720
70,1628
71,1676
72,1812
73,1884
74,1936
75,2042
76,2148
77,2168
78,2144
79,2090
80,2052
81,2056
82,2102
83,2066
84,1920
85,1946
86,1968
87,1854
88,1670
89,1578
90,1452
91,1406
92,1556
93,1702
94,1848
95,1946
96,2002
97,1996
98,2056
99,2084
100,2036
101,1994
102,1980
103,2088
104,2180
105,2142
106,2030
107,1960
108,1802
109,1712
110,1710
111,1742
112,1690
113,1768
114,1836
115,1834
116,1860
117,1974
118,2026
119,1938
120,1866
121,1902
122,2090
123,2266
124,2132
125,1956
126,1948
127,2052
128,2158
129,2122
130,1952
131,1992
132,2024
133,1922
134,1820
135,1786
136,1796
137,1832
138,1774
139,1826
140,1868
141,1928
142,1944
143,1880
144,1804
145,1796
146,1950
147,2080
148,2068
149,1992
150,2012
151,2074
152,2048
153,2014
154,1878
155,1726
156,1772
157,1870
158,1886
159,1826
160,1784
161,1690
162,1604
163,1660
164,1748
165,1734
166,1672
167,1806
168,1902
169,1880
170,1924
171,1998
172,1940
173,1920
174,2002
175,2016
176,1986
177,2026
178,2070
179,1962
180,1930
181,1876
182,1804
183,1766
184,1772
185,1724
186,1638
187,1682
188,1816
189,1700
190,1564
191,1618
192,1772
193,1772
194,1790
195,1972
196,1924
197,1804
198,1846
199,1950
200,1912
201,1878
202,1974
203,2068
204,2024
205,1984
206,1892
207,1908
208,1940
209,1878
210,1826
211,1852
212,1932
213,1936
214,1834
215,1798
216,1790
217,1702
218,1676
219,1898
220,2092
221,2060
222,2008
223,2088
224,2136
225,2002
226,1864
227,1924
228,1840
229,1812
230,1784
231,1776
232,1732
233,1742
234,1732
235,1678
236,1704
237,1788
238,1812
239,1854
240,1874
241,1848
242,1800
243,1802
244,1868
245,1952
246,1944
247,1976
248,2060
249,2044
250,1916
251,1764
252,1754
253,1704
254,1704
255,1764
0,1772
1,1792
2,1848
3,1884
4,1758
5,1720
6,1774
7,1794
8,1876
9,2066
10,2066
11,2020
12,1944
13,2042
14,1940
15,1782
16,1792
17,1742
18,1648
19,1662
20,1720
21,1726
22,1660
23,1750
24,1766
25,1740
26,1744
27,1836
28,1828
29,1698
30,1722
31,1896
32,1910
33,1930
34,2008
35,1878
36,1812
37,1834
38,1874
39,1766
40,1756
41,1754
42,1752
43,1786
44,1818
45,1810
46,1752
47,1710
48,1772
49,1792
50,1762
51,1858
52,1924
53,1874
54,1812
55,1860
56,1860
57,1774
58,1636
59,1594
60,1590
61,1600
62,1602
63,1612
64,1672
65,1740
66,1770
67,1688
68,1696
69,1744
70,1834
71,1976
72,2038
73,2002
74,2030
75,2056
76,2122
77,1928
78,1740
79,1750
80,1808
81,1802
82,1776
83,1746
84,1772
85,1752
86,1660
87,1632
88,1708
89,1698
90,1804
91,2008
92,2134
93,2172
94,2156
95,2140
96,1998
97,1898
98,1894
99,1846
100,1824
101,1846
102,1762
103,1720
104,1810
105,1726
106,1594
107,1674
108,1676
109,1640
110,1682
111,1826
112,1886
113,1892
114,1916
115,1980
116,2088
117,2060
118,1996
119,2010
120,2018
121,1982
122,1930
123,1890
124,1826
125,1816
126,1770
127,1712
128,1794
129,1728
130,1622
131,1678
132,1794
133,1752
134,1794
135,2016
136,2136
137,2014
138,2022
139,2122
140,2086
141,1982
142,1948
143,1844
144,1792
145,1856
146,1856
147,1786
148,1730
149,1648
150,1568
151,1626
152,1604
153,1490
154,1414
155,1558
156,1702
157,1720
158,1746
159,1938
160,2050
161,1982
162,2004
163,2110
164,2078
165,1944
166,1942
167,1984
168,1864
169,1700
170,1708
171,1712
172,1552
173,1430
174,1436
175,1426
176,1502
177,1610
178,1766
179,1948
180,2026
181,2028
182,2030
183,2072
184,2056
185,1886
186,1828
187,1978
188,2070
189,1866
190,1768
191,1794
192,1732
193,1632
194,1590
195,1646
196,1688
197,1716
198,1804
199,1798
200,1816
201,1920
202,2020
203,1980
204,1962
205,2032
206,2034
207,2022
208,2136
209,2092
210,1902
211,1964
212,2024
213,1804
214,1594
215,1692
216,1742
217,1742
218,1712
219,1826
220,1958
221,2004
222,1960
223,1954
224,2012
225,2048
226,2024
227,2156
228,2194
229,2056
230,1982
231,2036
232,2044
233,1862
234,1698
235,1696
236,1814
237,1748
238,1652
239,1754
240,1878
241,1798
242,1782
243,1838
244,1910
245,1960
246,2052
247,2084
248,2158
249,2034
250,1984
251,2010
252,2042
253,1946
254,1878
255,1904
0,1952
1,1826
2,1712
3,1692
4,1716
5,1700
6,1766
7,1886
8,1908
9,1824
10,1894
11,2000
12,2014
13,1982
14,1948
15,2016
16,2154
17,2162
18,2010
19,1904
20,1972
21,1862
22,1820
23,1802
24,1714
25,1602
26,1596
27,1670
28,1668
29,1732
30,1828
31,1848
32,1848
33,1856
34,1904
35,1906
36,1880
37,1910
38,1910
39,1812
40,1848
41,1944
42,1856
43,1722
44,1724
45,1770
46,1738
47,1708
48,1688
49,1732
50,1814
51,1858
52,1868
53,1980
54,2052
55,1988
56,2020
57,2028
58,2028
59,1956
60,1978
61,2030
62,1996
63,1902
64,1910
65,1912
66,1810
67,1738
68,1838
69,1830
70,1824
71,1920
72,2108
73,2088
74,1990
75,2042
76,2118
77,2038
78,1964
79,1958
80,1990
81,2042
82,1928
83,1786
84,1838
85,1894
86,1822
87,1886
88,2096
89,2140
90,2010
91,1954
92,2026
93,2060
94,1946
95,1972
96,2022
97,2068
98,2024
99,2074
100,2070
101,1926
102,1788
103,1806
104,1758
105,1836
106,1946
107,1916
108,1852
109,1870
110,1908
111,1798
112,1826
113,1876
114,1882
115,1860
116,1938
117,2014
118,2018
119,1970
120,1978
121,1916
122,1880
123,1976
124,1990
125,1908
126,1796
127,1878
128,1898
129,1888
130,1846
131,1832
132,1750
133,1724
134,1730
135,1812
136,1794
137,1800
138,1828
139,1740
140,1820
141,2000
142,2012
143,1958
144,2086
145,2200
146,2090
147,1992
148,2010
149,2010
150,1794
151,1780
152,1806
153,1740
154,1680
155,1704
156,1708
157,1594
158,1660
159,1784
160,1828
161,1834
162,1902
163,1926
164,1864
165,1928
166,1944
167,1894
168,1882
169,1970
170,1958
171,1888
172,1924
173,1948
174,1834
175,1744
176,1830
177,1842
178,1778
179,1884
180,1994
181,2016
182,1958
183,2000
184,1992
185,1958
186,1942
187,1986
188,2038
189,1994
190,1918
191,1960
192,1910
193,1814
194,1770
195,1860
196,1916
197,1914
198,1956
199,1966
200,2030
201,2028
202,1978
203,1970
204,1950
205,2060
206,2002
207,1918
208,1868
209,1894
210,1822
211,1832
212,1898
213,1908
214,1868
215,1982
216,2022
217,1936
218,1962
219,1978
220,1986
221,1942
222,1972
223,2080
224,1994
225,1984
226,2066
227,2106
228,2010
229,1910
230,1892
231,1846
232,1814
233,1824
234,1752
235,1806
236,1954
237,1880
238,1732
239,1756
240,1822
241,1792
242,1794
243,1832
244,1920
245,1924
246,1962
247,2024
248,1932
249,1902
250,1910
251,1940
252,1844
253,1818
254,1806
255,1780
0,1760
1,1818
2,1848
3,1820
4,1914
5,1942
6,1942
7,1974
8,2002
9,1976
10,1992
11,2056
12,2112
13,2032
14,1980
15,2014
16,1992
17,1844
18,1720
19,1784
20,1778
21,1604
22,1620
23,1764
24,1754
25,1668
26,1752
27,1840
28,1778
29,1836
30,1894
31,1984
32,2050
33,2030
34,1964
35,1944
36,1950
37,1968
38,1850
39,1798
40,1860
41,1778
42,1754
43,1830
44,1886
45,1764
46,1734
47,1840
48,1866
49,1858
50,1968
51,2040
52,2026
53,1996
54,2022
55,1994
56,1972
57,1954
58,1982
59,1976
60,1992
61,2018
62,2048
63,1974
64,1934
65,1832
66,1862
67,1864
68,1852
69,1870
70,1910
71,1914
72,2028
73,2094
74,2088
75,2008
76,2012
77,2052
78,1950
79,1950
80,2010
81,2008
82,1934
83,1902
84,1900
85,1822
86,1718
87,1828
88,1892
89,1858
90,1900
91,1998
92,2000
93,1940
94,1936
95,1926
96,1954
97,1958
98,1982
99,2044
100,2142
101,2064
102,2020
103,2016
104,1960
105,1908
106,1834
107,1852
108,1910
109,1868
110,1838
111,1864
112,1916
113,1854
114,1840
115,1836
116,1864
117,1910
118,1916
119,2018
120,2076
121,1966
122,1864
123,1968
124,1974
125,1894
126,1850
127,1924
128,1984
129,1936
130,1918
131,1960
132,1938
133,1854
134,1858
135,1882
136,1822
137,1796
138,1728
139,1742
140,1818
141,1796
142,1782
143,1864
144,1960
145,1936
146,1900
147,1954
148,2022
149,1954
150,1938
151,2018
152,1984
153,1836
154,1868
155,1996
156,1964
157,1804
158,1748
159,1758
160,1692
161,1716
162,1792
163,1804
164,1794
165,1766
166,1804
167,1804
168,1846
169,1844
170,1766
171,1898
172,2028
173,1950
174,1928
175,2036
176,2048
177,1984
178,1906
179,1994
180,2046
181,1892
182,1814
183,1838
184,1858
185,1894
186,1834
187,1822
188,1964
189,1948
190,1930
191,1948
192,2004
193,1926
194,1842
195,1934
196,2002
197,2004
198,1946
199,1958
200,1950
201,1920
202,1854
203,1878
204,1848
205,1830
206,1846
207,1820
208,1808
209,1826
210,1874
211,1950
212,1902
213,1826
214,1804
215,1918
216,1830
217,1852
218,1866
219,1908
220,1948
221,1932
222,1896
223,1982
224,1998
225,1884
226,1810
227,1884
228,1834
229,1804
230,1828
231,1860
232,1872
233,1894
234,1914
235,1930
236,1934
237,1882
238,1878
239,1958
240,1914
241,1866
242,1832
243,1818
244,1806
245,1814
246,1756
247,1746
248,1768
249,1848
250,1850
251,1800
252,1812
253,1910
254,1896
255,1924
0,1924
1,1938
2,1882
3,1948
4,2064
5,1942
6,1846
7,1942
8,1974
9,1862
10,1862
11,1808
12,1702
13,1668
14,1760
15,1692
16,1642
17,1768
18,1852
19,1788
20,1868
21,1976
22,1892
23,1806
24,1898
25,1906
26,1810
27,1788
28,1842
29,1846
30,1824
31,1848
32,1772
33,1672
34,1762
35,1812
36,1764
37,1672
38,1758
39,1846
40,1874
41,1894
42,1974
43,1954
44,1976
45,2002
46,1946
47,1880
48,1930
49,1864
50,1774
51,1788
52,1844
53,1740
54,1624
55,1634
56,1678
57,1680
58,1718
59,1802
60,1782
61,1842
62,1954
63,1932
64,1870
65,1994
66,2014
67,2012
68,1950
69,2006
70,1982
71,1906
72,1826
73,1844
74,1902
75,1918
76,1868
77,1750
78,1780
79,1714
80,1748
81,1762
82,1764
83,1756
84,1860
85,1896
86,1898
87,1832
88,1860
89,1886
90,1890
91,1964
92,1856
93,1844
94,1898
95,1928
96,1860
97,1790
98,1778
99,1756
100,1778
101,1846
102,1954
103,1930
104,1922
105,1924
106,1930
107,1932
108,1868
109,1818
110,1810
111,1864
112,1916
113,1842
114,1698
115,1810
116,1920
117,1810
118,1760
119,1802
120,1866
121,1854
122,1862
123,1826
124,1784
125,1766
126,1836
127,1806
128,1708
129,1786
130,1838
131,1740
132,1734
133,1848
134,1766
135,1700
136,1738
137,1826
138,1868
139,1924
140,1944
141,1880
142,1870
143,1978
144,1948
145,1854
146,1834
147,1956
148,1938
149,1814
150,1750
151,1840
152,1822
153,1686
154,1690
155,1798
156,1800
157,1728
158,1666
159,1744
160,1806
161,1746
162,1814
163,1946
164,1962
165,1882
166,1866
167,1928
168,1990
169,1960
170,1866
171,1886
172,1908
173,1834
174,1758
175,1720
176,1762
177,1716
178,1730
179,1732
180,1736
181,1766
182,1790
183,1830
184,1846
185,1816
186,1884
187,1878
188,1906
189,1940
190,1968
191,1904
192,1882
193,1814
194,1724
195,1738
196,1768
197,1762
198,1778
199,1780
200,1806
201,1810
202,1754
203,1794
204,1850
205,1806
206,1788
207,1832
208,1882
209,1878
210,1840
211,1868
212,1886
213,1876
214,1914
215,1916
216,1928
217,1876
218,1894
219,1908
220,1874
221,1762
222,1740
223,1814
224,1846
225,1784
226,1716
227,1766
228,1822
229,1848
230,1844
231,1828
232,1850
233,1842
234,1838
235,1860
236,1860
237,1874
238,1838
239,1872
240,1810
241,1830
242,1854
243,1880
244,1800
245,1866
246,1944
247,1858
248,1802
249,1788
250,1858
251,1860
252,1782
253,1848
254,1958
255,1890
0,1754
1,1724
2,1770
3,1812
4,1748
5,1734
6,1778
7,1820
8,1810
9,1838
10,1886
11,1858
12,1848
13,1824
14,1856
15,1860
16,1864
17,1810
18,1824
19,1802
20,1754
21,1720
22,1664
23,1730
24,1720
25,1794
26,1854
27,1828
28,1810
29,1806
30,1812
31,1842
32,1860
33,1936
34,1998
35,2012
36,1948
37,1984
38,2040
39,1964
40,1884
41,1886
42,1874
43,1858
44,1822
45,1804
46,1714
47,1690
48,1684
49,1676
50,1632
51,1650
52,1702
53,1708
54,1796
55,1898
56,1926
57,1898
58,1890
59,1924
60,1898
61,1822
62,1792
63,1860
64,1872
65,1882
66,1834
67,1836
68,1864
69,1816
70,1734
71,1748
72,1816
73,1746
74,1732
75,1798
76,1926
77,1846
78,1812
79,1834
80,1794
81,1746
82,1714
83,1820
84,1820
85,1786
86,1854
87,1882
88,1884
89,1788
90,1782
91,1770
92,1744
93,1746
94,1776
95,1752
96,1806
97,1828
98,1806
99,1776
100,1794
101,1806
102,1826
103,1840
104,1918
105,1956
106,1930
107,1890
108,1894
109,1882
110,1954
111,1944
112,1924
113,1900
114,1876
115,1914
116,1850
117,1842
118,1834
119,1776
120,1768
121,1810
122,1836
123,1854
124,1792
125,1780
126,1808
127,1808
128,1806
129,1854
130,1862
131,1848
132,1886
133,1942
134,1854
135,1808
136,1862
137,1832
138,1764
139,1780
140,1810
141,1768
142,1738
143,1784
144,1792
145,1744
146,1718
147,1740
148,1790
149,1878
150,1876
151,1802
152,1856
153,1908
154,1810
155,1810
156,1808
157,1904
158,1840
159,1844
160,1896
161,1928
162,1838
163,1802
164,1844
165,1782
166,1774
167,1766
168,1682
169,1652
170,1680
171,1732
172,1684
173,1684
174,1732
175,1736
176,1680
177,1732
178,1878
179,1906
180,1844
181,1954
182,1974
183,1950
184,1960
185,1890
186,1910
187,1916
188,1920
189,1840
190,1818
191,1868
192,1830
193,1754
194,1760
195,1780
196,1704
197,1674
198,1734
199,1748
200,1692
201,1816
202,1870
203,1868
204,1850
205,1884
206,1866
207,1836
208,1816
209,1852
210,1742
211,1720
212,1788
213,1796
214,1660
215,1620
216,1698
217,1720
218,1806
219,1806
220,1850
221,1854
222,1882
223,1906
224,1918
225,1910
226,1920
227,1860
228,1946
229,1944
230,1874
231,1850
232,1858
233,1872
234,1866
235,1856
236,1876
237,1830
238,1842
239,1784
240,1804
241,1808
242,1808
243,1784
244,1806
245,1832
246,1882
247,1866
248,1836
249,1824
250,1832
251,1864
252,1880
253,1822
254,1868
255,1902
0,1902
1,1896
2,1838
3,1890
4,1830
5,1806
6,1824
7,1872
8,1888
9,1926
10,1886
11,1842
12,1830
13,1946
14,1922
15,1826
16,1912
17,1998
18,1880
19,1816
20,1876
21,1922
22,1914
23,1854
24,1888
25,1902
26,1890
27,1912
28,1822
29,1770
30,1832
31,1848
32,1848
33,1838
34,1914
35,1924
36,1834
37,1868
38,1904
39,1840
40,1860
41,1870
42,1866
43,1870
44,1908
45,1928
46,1848
47,1828
48,1932
49,1866
50,1830
51,1938
52,2002
53,1942
54,1882
55,1894
56,1926
57,1884
58,1868
59,1910
60,1902
61,1866
62,1866
63,1858
64,1776
65,1826
66,1846
67,1802
68,1774
69,1856
70,1866
71,1824
72,1842
73,1864
74,1802
75,1886
76,2014
77,1952
78,1900
79,1936
80,2020
81,1908
82,1842
83,1894
84,1918
85,1850
86,1804
87,1866
88,1832
89,1836
90,1908
91,1896
92,1878
93,1942
94,1934
95,1898
96,1888
97,1948
98,1910
99,1872
100,1826
101,1904
102,1882
103,1832
104,1758
105,1730
106,1796
107,1740
108,1736
109,1790
110,1856
111,1848
112,1910
113,1946
114,1962
115,1978
116,1974
117,1980
118,2028
119,1996
120,1962
121,1910
122,1882
123,1940
124,1912
125,1886
126,1856
127,1924
128,1922
129,1806
130,1822
131,1858
132,1868
133,1880
134,1822
135,1862
136,1934
137,1888
138,1808
139,1834
140,1908
141,1916
142,1894
143,1910
144,2008
145,1982
146,1890
147,1864
148,1824
149,1778
150,1814
151,1894
152,1804
153,1820
154,1902
155,1888
156,1866
157,1872
158,1914
159,1918
160,1916
161,1948
162,1958
163,1912
164,1908
165,1892
166,1838
167,1860
168,1862
169,1904
170,1870
171,1916
172,1880
173,1884
174,1844
175,1804
176,1818
177,1780
178,1780
179,1812
180,1820
181,1790
182,1780
183,1794
184,1814
185,1758
186,1784
187,1842
188,1826
189,1790
190,1876
191,1866
192,1844
193,1854
194,1892
195,1938
196,1910
197,1888
198,1922
199,1838
200,1842
201,1866
202,1888
203,1854
204,1786
205,1752
206,1848
207,1832
208,1818
209,1806
210,1866
211,1918
212,1900
213,1884
214,1926
215,1920
216,1868
217,1832
218,1864
219,1852
220,1790
221,1838
222,1788
223,1772
224,1756
225,1808
226,1788
227,1738
228,1776
229,1824
230,1818
231,1752
232,1840
233,1858
234,1822
235,1788
236,1858
237,1956
238,1882
239,1826
240,1840
241,1966
242,1920
243,1858
244,1918
245,1970
246,1930
247,1858
248,1894
249,1864
250,1838
251,1888
252,1936
253,1902
254,1874
255,1904
0,1926
1,1878
2,1834
3,1864
4,1922
5,1864
6,1832
7,1804
8,1828
9,1818
10,1778
11,1760
12,1796
13,1810
14,1808
15,1816
16,1846
17,1852
18,1852
19,1898
20,1852
21,1822
22,1864
23,1872
24,1906
25,1854
26,1902
27,1952
28,1956
29,1952
30,1918
31,1962
32,1976
33,1898
34,1798
35,1810
36,1868
37,1826
38,1790
39,1834
40,1850
41,1870
42,1840
43,1882
44,1850
45,1848
46,1814
47,1814
48,1800
49,1828
50,1850
51,1846
52,1824
53,1880
54,1840
55,1806
56,1788
57,1858
58,1878
59,1798
60,1800
61,1900
62,1890
63,1850
64,1836
65,1834
66,1866
67,1834
68,1806
69,1856
70,1912
71,1952
72,1928
73,1914
74,1924
75,1914
76,1898
77,1850
78,1846
79,1870
80,1850
81,1800
82,1840
83,1832
84,1838
85,1818
86,1792
87,1766
88,1780
89,1818
90,1802
91,1766
92,1774
93,1840
94,1842
95,1800
96,1790
97,1840
98,1828
99,1808
100,1820
101,1874
102,1912
103,1928
104,1886
105,1882
106,1966
107,1934
108,1922
109,1862
110,1876
111,1984
112,1972
113,1940
114,1908
115,2010
116,2002
117,1920
118,1868
119,1938
120,1926
121,1864
122,1824
123,1852
124,1860
125,1914
126,1896
127,1874
128,1870
129,1934
130,1952
131,1898
132,1906
133,1988
134,2004
135,1876
136,1900
137,1944
138,1916
139,1860
140,1864
141,1838
142,1886
143,1864
144,1878
145,1890
146,1872
147,1960
148,1966
149,1880
150,1892
151,1946
152,1944
153,1866
154,1898
155,2006
156,2028
157,1966
158,1980
159,1978
160,1966
161,1926
162,1886
163,1828
164,1890
165,1870
166,1866
167,1858
168,1888
169,1936
170,1898
171,1840
172,1842
173,1854
174,1840
175,1818
176,1790
177,1844
178,1884
179,1844
180,1850
181,1888
182,1898
183,1904
184,1940
185,1910
186,1870
187,1902
188,1904
189,1920
190,1842
191,1836
192,1860
193,1854
194,1828
195,1834
196,1862
197,1882
198,1916
199,1872
200,1902
201,1896
202,1866
203,1842
204,1816
205,1884
206,1870
207,1842
208,1854
209,1890
210,1890
211,1848
212,1872
213,1862
214,1892
215,1862
216,1902
217,1882
218,1888
219,1852
220,1826
221,1782
222,1818
223,1758
224,1780
225,1808
226,1870
227,1838
228,1808
229,1876
230,1872
231,1862
232,1832
233,1890
234,1926
235,1908
236,1872
237,1910
238,1904
239,1892
240,1908
241,1900
242,1918
243,1916
244,1904
245,1904
246,1944
247,1912
248,1964
249,1934
250,1908
251,1892
252,1856
253,1864
254,1834
255,1858
0,1902
1,1898
2,1898
3,1946
4,1956
5,1896
6,1850
7,1856
8,1860
9,1832
10,1814
11,1864
12,1890
13,1884
14,1852
15,1872
16,1864
17,1834
18,1824
19,1860
20,1854
21,1814
22,1854
23,1852
24,1862
25,1838
26,1884
27,1906
28,1880
29,1904
30,1866
31,1896
32,1912
33,1926
34,1918
35,1950
36,1946
37,1880
38,1870
39,1844
40,1828
41,1840
42,1814
43,1846
44,1858
45,1808
46,1826
47,1796
48,1794
49,1798
50,1752
51,1790
52,1782
53,1744
54,1764
55,1824
56,1894
57,1872
58,1884
59,1922
60,1948
61,1856
62,1820
63,1842
64,1816
65,1812
66,1794
67,1850
68,1838
69,1846
70,1800
71,1844
72,1852
73,1836
74,1792
75,1834
76,1816
77,1806
78,1798
79,1766
80,1780
81,1786
82,1804
83,1844
84,1862
85,1836
86,1884
87,1902
88,1850
89,1846
90,1890
91,1890
92,1844
93,1868
94,1892
95,1886
96,1894
97,1870
98,1858
99,1868
100,1894
101,1894
102,1838
103,1864
104,1922
105,1872
106,1878
107,1896
108,1912
109,1906
110,1882
111,1890
112,1938
113,1900
114,1872
115,1870
116,1860
117,1902
118,1876
119,1856
120,1852
121,1928
122,1870
123,1786
124,1778
125,1844
126,1834
127,1814
128,1814
129,1862
130,1884
131,1824
132,1802
133,1832
134,1868
135,1850
136,1828
137,1834
138,1876
139,1884
140,1896
141,1870
142,1904
143,1958
144,1900
145,1904
146,1896
147,1936
148,1908
149,1934
150,1902
151,1924
152,1916
153,1892
154,1874
155,1834
156,1808
157,1822
158,1806
159,1796
160,1766
161,1814
162,1830
163,1826
164,1808
165,1844
166,1836
167,1844
168,1856
169,1888
170,1892
171,1890
172,1906
173,1878
174,1866
175,1894
176,1868
177,1818
178,1842
179,1894
180,1894
181,1854
182,1846
183,1854
184,1862
185,1860
186,1810
187,1792
188,1842
189,1860
190,1820
191,1822
192,1862
193,1854
194,1756
195,1742
196,1710
197,1710
198,1708
199,1698
200,1740
201,1784
202,1768
203,1744
204,1782
205,1840
206,1836
207,1820
208,1862
209,1892
210,1844
211,1846
212,1826
213,1834
214,1848
215,1788
216,1776
217,1788
218,1822
219,1866
220,1876
221,1896
222,1908
223,1934
224,1926
225,1878
226,1864
227,1886
228,1858
229,1802
230,1730
231,1768
232,1712
233,1730
234,1700
235,1710
236,1742
237,1730
238,1770
239,1778
240,1776
241,1798
242,1776
243,1784
244,1768
245,1784
246,1794
247,1806
248,1842
249,1864
250,1914
251,1886
252,1924
253,1940
254,1958
255,1924
0,1954
1,1884
2,1840
3,1804
4,1792
5,1794
6,1774
7,1818
8,1830
9,1886
10,1870
11,1888
12,1880
13,1906
14,1864
15,1834
16,1858
17,1888
18,1890
19,1874
20,1908
21,1910
22,1906
23,1828
24,1820
25,1846
26,1846
27,1850
28,1850
29,1834
30,1832
31,1800
32,1770
33,1788
34,1810
35,1832
36,1880
37,1870
38,1864
39,1908
40,1882
41,1876
42,1844
43,1844
44,1870
45,1884
46,1884
47,1836
48,1850
49,1852
50,1842
51,1824
52,1816
53,1822
54,1816
55,1794
56,1740
57,1730
58,1760
59,1724
60,1754
61,1794
62,1828
63,1820
64,1798
65,1806
66,1794
67,1820
68,1784
69,1822
70,1822
71,1860
72,1872
73,1860
74,1872
75,1856
76,1826
77,1820
78,1836
79,1848
80,1880
81,1882
82,1878
83,1874
84,1824
85,1814
86,1802
87,1736
88,1778
89,1768
90,1740
91,1774
92,1788
93,1770
94,1774
95,1786
96,1758
97,1774
98,1770
99,1778
100,1762
101,1732
102,1756
103,1748
104,1754
105,1800
106,1806
107,1804
108,1812
109,1804
110,1798
111,1784
112,1778
113,1770
114,1774
115,1778
116,1786
117,1794
118,1830
119,1826
120,1808
121,1812
122,1800
123,1794
124,1766
125,1772
126,1736
127,1770
128,1740
129,1752
130,1714
131,1772
132,1770
133,1796
134,1820
135,1844
136,1838
137,1844
138,1830
139,1850
140,1832
141,1830
142,1830
143,1812
144,1820
145,1816
146,1822
147,1850
148,1820
149,1820
150,1806
151,1846
152,1850
153,1850
154,1822
155,1856
156,1896
157,1850
158,1880
159,1894
160,1880
161,1880
162,1862
163,1890
164,1858
165,1860
166,1820
167,1814
168,1784
169,1774
170,1838
171,1852
172,1882
173,1858
174,1850
175,1832
176,1804
177,1780
178,1792
179,1798
180,1776
181,1790
182,1792
183,1764
184,1766
185,1764
186,1754
187,1750
188,1718
189,1730
190,1680
191,1702
192,1722
193,1734
194,1744
195,1788
196,1768
197,1764
198,1768
199,1758
200,1748
201,1766
202,1780
203,1806
204,1808
205,1864
206,1904
207,1920
208,1962
209,1946
210,1922
211,1882
212,1878
213,1840
214,1802
215,1834
216,1848
217,1818
218,1798
219,1836
220,1832
221,1806
222,1790
223,1790
224,1734
225,1750
226,1740
227,1750
228,1770
229,1768
230,1792
231,1794
232,1828
233,1808
234,1796
235,1820
236,1850
237,1856
238,1830
239,1846
240,1840
241,1832
242,1848
243,1874
244,1850
245,1832
246,1824
247,1802
248,1790
249,1796
250,1836
251,1866
252,1888
253,1866
254,1886
255,1906
0,1848
1,1846
2,1850
3,1842
4,1790
5,1802
6,1798
7,1792
8,1800
9,1784
10,1774
11,1786
12,1746
13,1752
14,1760
15,1760
16,1784
17,1802
18,1814
19,1832
20,1854
21,1830
22,1824
23,1834
24,1822
25,1834
26,1830
27,1836
28,1870
29,1822
30,1846
31,1818
32,1772
33,1822
34,1792
35,1828
36,1832
37,1884
38,1872
39,1842
40,1818
41,1832
42,1832
43,1814
44,1812
45,1822
46,1800
47,1824
48,1816
49,1838
50,1846
51,1842
52,1812
53,1818
54,1774
55,1784
56,1792
57,1808
58,1802
59,1840
60,1812
61,1826
62,1834
63,1794
64,1840
65,1832
66,1862
67,1864
68,1840
69,1864
70,1842
71,1838
72,1816
73,1832
74,1810
75,1802
76,1796
77,1790
78,1800
79,1792
80,1788
81,1770
82,1788
83,1810
84,1798
85,1824
86,1834
87,1826
88,1834
89,1846
90,1852
91,1840
92,1834
93,1846
94,1826
95,1806
96,1830
97,1828
98,1868
99,1878
100,1890
101,1860
102,1842
103,1822
104,1790
105,1786
106,1802
107,1818
108,1830
109,1832
110,1820
111,1818
112,1794
113,1778
114,1770
115,1772
116,1806
117,1800
118,1870
119,1868
120,1868
121,1840
122,1814
123,1822
124,1806
125,1818
126,1846
127,1852
128,1868
129,1892
130,1892
131,1870
132,1854
133,1840
134,1852
135,1838
136,1828
137,1830
138,1814
139,1826
140,1814
141,1810
142,1800
143,1778
144,1746
145,1734
146,1720
147,1730
148,1776
149,1796
150,1826
151,1840
152,1870
153,1876
154,1892
155,1852
156,1880
157,1878
158,1914
159,1870
160,1914
161,1912
162,1856
163,1858
164,1826
165,1826
166,1840
167,1798
168,1810
169,1842
170,1854
171,1848
172,1846
173,1870
174,1874
175,1866
176,1864
177,1842
178,1864
179,1846
180,1854
181,1856
182,1868
183,1884
184,1876
185,1850
186,1840
187,1812
188,1786
189,1750
190,1738
191,1782
192,1806
193,1850
194,1842
195,1858
196,1844
197,1864
198,1828
199,1882
200,1912
201,1912
202,1940
203,1934
204,1912
205,1884
206,1868
207,1872
208,1852
209,1860
210,1838
211,1902
212,1882
213,1928
214,1920
215,1886
216,1902
217,1870
218,1894
219,1890
220,1874
221,1892
222,1886
223,1856
224,1842
225,1804
226,1798
227,1782
228,1788
229,1790
230,1776
231,1772
232,1780
233,1762
234,1764
235,1736
236,1732
237,1748
238,1764
239,1766
240,1802
241,1838
242,1878
243,1860
244,1866
245,1872
246,1876
247,1870
248,1818
249,1816
250,1804
251,1828
252,1836
253,1848
254,1888
255,1896
0,1884
1,1870
2,1868
3,1876
4,1892
5,1914
6,1908
7,1918
8,1886
9,1866
10,1878
11,1890
12,1932
13,1914
14,1948
15,1928
16,1924
17,1882
18,1878
19,1844
20,1874
21,1892
22,1912
23,1946
24,1916
25,1984
26,1964
27,1950
28,1956
29,1920
30,1892
31,1882
32,1868
33,1826
34,1862
35,1884
36,1866
37,1908
38,1944
39,1974
40,1960
41,1916
42,1894
43,1854
44,1818
45,1832
46,1798
47,1818
48,1834
49,1844
50,1834
51,1878
52,1902
53,1920
54,1936
55,1966
56,1966
57,1962
58,1948
59,1942
60,1942
61,1928
62,1930
63,1898
64,1932
65,1908
66,1876
67,1872
68,1836
69,1848
70,1854
71,1846
72,1870
73,1878
74,1884
75,1878
76,1882
77,1852
78,1858
79,1872
80,1868
81,1892
82,1904
83,1926
84,1898
85,1882
86,1892
87,1870
88,1876
89,1876
90,1878
91,1918
92,1890
93,1894
94,1890
95,1868
96,1888
97,1864
98,1836
99,1848
100,1826
101,1824
102,1842
103,1854
104,1888
105,1882
106,1892
107,1888
108,1842
109,1888
110,1868
111,1892
112,1916
113,1906
114,1876
115,1848
116,1822
117,1796
118,1776
119,1784
120,1802
121,1820
122,1828
123,1866
124,1900
125,1880
126,1866
127,1840
128,1850
129,1832
130,1864
131,1842
132,1866
133,1882
134,1910
135,1890
136,1932
137,1960
138,1932
139,1914
140,1894
141,1886
142,1878
143,1834
144,1876
145,1880
146,1904
147,1892
148,1874
149,1874
150,1854
151,1886
152,1870
153,1878
154,1856
155,1842
156,1780
157,1782
158,1770
159,1746
160,1774
161,1798
162,1828
163,1836
164,1888
165,1884
166,1888
167,1912
168,1954
169,1944
170,1970
171,1938
172,1918
173,1888
174,1880
175,1896
176,1882
177,1904
178,1918
179,1980
180,1992
181,1960
182,1956
183,1918
184,1900
185,1886
186,1886
187,1884
188,1876
189,1864
190,1846
191,1838
192,1846
193,1844
194,1842
195,1828
196,1860
197,1838
198,1816
199,1844
200,1792
201,1844
202,1828
203,1816
204,1824
205,1842
206,1856
207,1870
208,1868
209,1878
210,1882
211,1922
212,1922
213,1936
214,1922
215,1920
216,1882
217,1864
218,1854
219,1868
220,1886
221,1918
222,1922
223,1918
224,1894
225,1882
226,1882
227,1838
228,1868
229,1852
230,1884
231,1882
232,1890
233,1878
234,1878
235,1836
236,1826
237,1790
238,1768
239,1766
240,1798
241,1810
242,1832
243,1814
244,1818
245,1818
246,1824
247,1818
248,1836
249,1814
250,1806
251,1772
252,1772
253,1768
254,1788
255,1808
0,1822
1,1822
2,1824
3,1830
4,1838
5,1836
6,1854
7,1854
8,1862
9,1906
10,1878
11,1878
12,1850
13,1862
14,1850
15,1830
16,1834
17,1832
18,1830
19,1794
20,1772
21,1774
22,1778
23,1798
24,1806
25,1822
26,1834
27,1828
28,1824
29,1804
30,1790
31,1818
32,1782
33,1780
34,1768
35,1748
36,1770
37,1746
38,1776
39,1790
40,1824
41,1818
42,1792
43,1814
44,1814
45,1824
46,1834
47,1864
48,1866
49,1868
50,1828
51,1828
52,1820
53,1818
54,1806
55,1828
56,1832
57,1838
58,1842
59,1804
60,1828
61,1820
62,1830
63,1794
64,1840
65,1816
66,1846
67,1840
68,1862
69,1866
70,1880
71,1878
72,1888
73,1866
74,1884
75,1892
76,1886
77,1870
78,1872
79,1840
80,1812
81,1814
82,1804
83,1814
84,1814
85,1816
86,1804
87,1794
88,1796
89,1798
90,1776
91,1744
92,1768
93,1770
94,1748
95,1768
96,1774
97,1834
98,1834
99,1862
100,1822
101,1852
102,1856
103,1808
104,1822
105,1790
106,1802
107,1818
108,1838
109,1850
110,1860
111,1840
112,1836
113,1798
114,1752
115,1718
116,1684
117,1692
118,1698
119,1730
120,1732
121,1742
122,1756
123,1760
124,1806
125,1810
126,1840
127,1836
128,1824
129,1810
130,1814
131,1826
132,1822
133,1834
134,1838
135,1830
136,1800
137,1820
138,1800
139,1828
140,1798
141,1796
142,1820
143,1830
144,1836
145,1844
146,1842
147,1834
148,1814
149,1830
150,1808
151,1794
152,1818
153,1798
154,1760
155,1766
156,1722
157,1706
158,1676
159,1690
160,1698
161,1726
162,1756
163,1784
164,1810
165,1858
166,1830
167,1852
168,1858
169,1836
170,1854
171,1856
172,1882
173,1886
174,1884
175,1886
176,1880
177,1880
178,1894
179,1896
180,1870
181,1868
182,1816
183,1826
184,1806
185,1834
186,1832
187,1856
188,1834
189,1816
190,1816
191,1804
192,1820
193,1816
194,1848
195,1832
196,1824
197,1806
198,1776
199,1770
200,1734
201,1704
202,1720
203,1694
204,1716
205,1708
206,1764
207,1792
208,1840
209,1858
210,1866
211,1902
212,1894
213,1872
214,1880
215,1890
216,1870
217,1866
218,1840
219,1868
220,1870
221,1890
222,1902
223,1926
224,1914
225,1878
226,1872
227,1848
228,1856
229,1842
230,1832
231,1836
232,1812
233,1810
234,1798
235,1802
236,1816
237,1816
238,1812
239,1840
240,1816
241,1794
242,1802
243,1802
244,1812
245,1804
246,1834
247,1784
248,1794
249,1814
250,1782
251,1828
252,1832
253,1884
254,1836
255,1894
0,1868
1,1894
2,1856
3,1860
4,1872
5,1870
6,1872
7,1880
8,1890
9,1880
10,1868
11,1846
12,1890
13,1846
14,1848
15,1858
16,1830
17,1844
18,1866
19,1864
20,1882
21,1902
22,1874
23,1898
24,1878
25,1872
26,1882
27,1836
28,1856
29,1860
30,1842
31,1864
32,1830
33,1840
34,1800
35,1826
36,1814
37,1842
38,1848
39,1850
40,1840
41,1842
42,1830
43,1800
44,1804
45,1790
46,1834
47,1870
48,1850
49,1880
50,1870
51,1868
52,1844
53,1826
54,1840
55,1824
56,1826
57,1862
58,1880
59,1876
60,1888
61,1894
62,1940
63,1946
64,1942
65,1944
66,1936
67,1962
68,1948
69,1936
70,1914
71,1902
72,1858
73,1858
74,1848
75,1860
76,1850
77,1872
78,1820
79,1842
80,1808
81,1798
82,1830
83,1864
84,1876
85,1892
86,1894
87,1874
88,1862
89,1862
90,1854
91,1840
92,1890
93,1868
94,1866
95,1852
96,1842
97,1854
98,1850
99,1852
100,1842
101,1834
102,1824
103,1822
104,1824
105,1822
106,1842
107,1826
108,1820
109,1826
110,1818
111,1828
112,1812
113,1818
114,1822
115,1816
116,1822
117,1804
118,1810
119,1804
120,1816
121,1820
122,1832
123,1860
124,1852
125,1874
126,1906
127,1894
128,1910
129,1878
130,1858
131,1848
132,1838
133,1804
134,1832
135,1826
136,1838
137,1852
138,1840
139,1848
140,1830
141,1832
142,1788
143,1800
144,1808
145,1840
146,1828
147,1858
148,1852
149,1846
150,1836
151,1858
152,1810
153,1780
154,1754
155,1696
156,1708
157,1708
158,1766
159,1788
160,1828
161,1850
162,1848
163,1826
164,1802
165,1788
166,1770
167,1770
168,1760
169,1770
170,1776
171,1764
172,1814
173,1830
174,1836
175,1860
176,1868
177,1854
178,1856
179,1842
180,1838
181,1850
182,1856
183,1856
184,1868
185,1868
186,1834
187,1872
188,1838
189,1856
190,1860
191,1836
192,1818
193,1840
194,1820
195,1852
196,1848
197,1838
198,1862
199,1838
200,1838
201,1842
202,1834
203,1838
204,1808
205,1820
206,1826
207,1808
208,1822
209,1792
210,1782
211,1780
212,1764
213,1792
214,1826
215,1824
216,1842
217,1848
218,1816
219,1806
220,1768
221,1748
222,1724
223,1706
224,1722
225,1754
226,1760
227,1770
228,1806
229,1794
230,1818
231,1816
232,1808
233,1818
234,1840
235,1856
236,1836
237,1872
238,1870
239,1838
240,1848
241,1822
242,1818
243,1824
244,1776
245,1812
246,1790
247,1830
248,1834
249,1834
250,1828
251,1838
252,1792
253,1808
254,1756
255,1746
0,1748
1,1738
2,1778
3,1812
4,1836
5,1866
6,1844
7,1834
8,1816
9,1790
10,1772
11,1770
12,1768
13,1780
14,1790
15,1800
16,1808
17,1822
18,1806
19,1798
20,1834
21,1772
22,1804
23,1770
24,1756
25,1754
26,1762
27,1774
28,1784
29,1788
30,1794
31,1784
32,1768
33,1778
34,1768
35,1790
36,1766
37,1788
38,1760
39,1746
40,1714
41,1678
42,1696
43,1702
44,1750
45,1762
46,1808
47,1800
48,1842
49,1830
50,1804
51,1810
52,1804
53,1818
54,1846
55,1838
56,1850
57,1852
58,1860
59,1850
60,1836
61,1866
62,1838
63,1858
64,1814
65,1834
66,1810
67,1816
68,1822
69,1798
70,1796
71,1804
72,1770
73,1768
74,1768
75,1770
76,1776
77,1786
78,1778
79,1796
80,1788
81,1774
82,1808
83,1802
84,1804
85,1828
86,1844
87,1832
88,1862
89,1890
90,1858
91,1884
92,1850
93,1842
94,1854
95,1858
96,1860
97,1880
98,1880
99,1910
100,1934
101,1938
102,1942
103,1922
104,1892
105,1904
106,1848
107,1846
108,1800
109,1782
110,1774
111,1752
112,1748
113,1752
114,1756
115,1768
116,1806
117,1802
118,1822
119,1850
120,1860
121,1850
122,1830
123,1820
124,1796
125,1756
126,1714
127,1714
128,1710
129,1744
130,1784
131,1762
132,1766
133,1798
134,1780
135,1770
136,1776
137,1784
138,1810
139,1838
140,1856
141,1870
142,1862
143,1864
144,1832
145,1862
146,1866
147,1902
148,1884
149,1898
150,1830
151,1824
152,1814
153,1810
154,1814
155,1816
156,1784
157,1772
158,1760
159,1762
160,1778
161,1788
162,1790
163,1778
164,1762
165,1748
166,1736
167,1722
168,1722
169,1734
170,1756
171,1772
172,1792
173,1780
174,1796
175,1790
176,1824
177,1816
178,1842
179,1846
180,1842
181,1816
182,1822
183,1780
184,1806
185,1776
186,1804
187,1834
188,1854
189,1872
190,1860
191,1850
192,1820
193,1784
194,1776
195,1770
196,1822
197,1838
198,1882
199,1900
200,1904
201,1918
202,1892
203,1890
204,1868
205,1868
206,1852
207,1870
208,1836
209,1854
210,1820
211,1770
212,1766
213,1742
214,1778
215,1746
216,1794
217,1798
218,1836
219,1836
220,1848
221,1836
222,1844
223,1846
224,1850
225,1854
226,1884
227,1866
228,1882
229,1868
230,1876
231,1854
232,1838
233,1808
234,1786
235,1758
236,1770
237,1772
238,1794
239,1792
240,1768
241,1800
242,1784
243,1786
244,1806
245,1800
246,1840
247,1830
248,1844
249,1858
250,1836
251,1814
252,1808
253,1780
254,1764
255,1750
0,1756
1,1766
2,1766
3,1782
4,1780
5,1784
6,1794
7,1808
8,1806
9,1778
10,1780
11,1792
12,1798
13,1808
14,1826
15,1840
16,1852
17,1850
18,1872
19,1856
20,1844
21,1822
22,1818
23,1824
24,1826
25,1862
26,1826
27,1850
28,1842
29,1842
30,1824
31,1808
32,1796
33,1758
34,1750
35,1748
36,1752
37,1752
38,1748
39,1752
40,1754
41,1746
42,1756
43,1766
44,1792
45,1788
46,1818
47,1804
48,1764
49,1764
50,1748
51,1734
52,1764
53,1762
54,1810
55,1774
56,1784
57,1766
58,1750
59,1772
60,1794
61,1824
62,1830
63,1842
64,1866
65,1862
66,1868
67,1882
68,1926
69,1948
70,1960
71,1964
72,1938
73,1916
74,1900
75,1848
76,1836
77,1842
78,1826
79,1824
80,1794
81,1820
82,1780
83,1796
84,1764
85,1762
86,1738
87,1744
88,1718
89,1698
90,1714
91,1710
92,1762
93,1780
94,1836
95,1854
96,1852
97,1870
98,1820
99,1818
100,1790
101,1796
102,1820
103,1842
104,1846
105,1860
106,1856
107,1840
108,1864
109,1878
110,1922
111,1924
112,1944
113,1940
114,1934
115,1926
116,1900
117,1900
118,1890
119,1904
120,1884
121,1908
122,1890
123,1884
124,1894
125,1864
126,1872
127,1828
128,1818
129,1794
130,1764
131,1756
132,1710
133,1730
134,1726
135,1758
136,1786
137,1810
138,1854
139,1828
140,1846
141,1866
142,1876
143,1882
144,1860
145,1830
146,1808
147,1786
148,1760
149,1772
150,1798
151,1834
152,1836
153,1850
154,1856
155,1872
156,1884
157,1890
158,1894
159,1884
160,1882
161,1866
162,1860
163,1880
164,1852
165,1892
166,1866
167,1876
168,1862
169,1854
170,1826
171,1814
172,1820
173,1840
174,1852
175,1872
176,1900
177,1892
178,1888
179,1864
180,1874
181,1866
182,1834
183,1846
184,1848
185,1838
186,1844
187,1854
188,1886
189,1884
190,1920
191,1924
192,1918
193,1922
194,1914
195,1872
196,1864
197,1836
198,1864
199,1850
200,1846
201,1846
202,1840
203,1842
204,1836
205,1844
206,1870
207,1886
208,1902
209,1884
210,1886
211,1854
212,1868
213,1840
214,1878
215,1892
216,1902
217,1892
218,1914
219,1916
220,1906
221,1930
222,1932
223,1916
224,1888
225,1866
226,1834
227,1824
228,1834
229,1872
230,1858
231,1884
232,1868
233,1900
234,1918
235,1910
236,1918
237,1906
238,1892
239,1906
240,1924
241,1894
242,1910
243,1870
244,1896
245,1888
246,1886
247,1922
248,1896
249,1924
250,1928
251,1890
252,1898
253,1876
254,1860
255,1862
0,1852
1,1852
2,1862
3,1856
4,1834
5,1864
6,1860
7,1918
8,1902
9,1926
10,1924
11,1900
12,1874
13,1884
14,1868
15,1870
16,1846
17,1860
18,1876
19,1900
20,1896
21,1942
22,1902
23,1906
24,1896
25,1876
26,1892
27,1878
28,1876
29,1908
30,1860
31,1886
32,1868
33,1894
34,1878
35,1912
36,1902
37,1898
38,1894
39,1894
40,1898
41,1900
42,1910
43,1888
44,1876
45,1850
46,1846
47,1812
48,1804
49,1794
50,1802
51,1810
52,1816
53,1816
54,1820
55,1832
56,1824
57,1840
58,1854
59,1838
60,1856
61,1876
62,1888
63,1904
64,1920
65,1928
66,1926
67,1922
68,1880
69,1880
70,1848
71,1844
72,1876
73,1860
74,1878
75,1876
76,1904
77,1864
78,1874
79,1854
80,1866
81,1844
82,1828
83,1810
84,1784
85,1776
86,1790
87,1814
88,1848
89,1870
90,1908
91,1910
92,1894
93,1912
94,1928
95,1958
96,1952
97,1950
98,1944
99,1924
100,1930
101,1882
102,1894
103,1886
104,1886
105,1896
106,1890
107,1890
108,1886
109,1880
110,1872
111,1874
112,1898
113,1878
114,1886
115,1882
116,1866
117,1864
118,1860
119,1868
120,1846
121,1830
122,1840
123,1820
124,1822
125,1826
126,1822
127,1832
128,1820
129,1838
130,1870
131,1876
132,1910
133,1870
134,1876
135,1870
136,1822
137,1870
138,1830
139,1856
140,1840
141,1814
142,1782
143,1752
144,1788
145,1816
146,1856
147,1882
148,1882
149,1876
150,1854
151,1842
152,1840
153,1824
154,1830
155,1806
156,1814
157,1774
158,1756
159,1772
160,1770
161,1786
162,1826
163,1814
164,1830
165,1812
166,1780
167,1750
168,1718
169,1666
170,1672
171,1672
172,1716
173,1782
174,1822
175,1846
176,1884
177,1894
178,1876
179,1884
180,1860
181,1858
182,1836
183,1842
184,1826
185,1850
186,1874
187,1888
188,1896
189,1892
190,1870
191,1860
192,1854
193,1868
194,1864
195,1880
196,1898
197,1872
198,1866
199,1850
200,1836
201,1844
202,1844
203,1868
204,1864
205,1864
206,1888
207,1886
208,1862
209,1856
210,1814
211,1806
212,1804
213,1788
214,1808
215,1810
216,1852
217,1844
218,1862
219,1846
220,1840
221,1820
222,1800
223,1802
224,1860
225,1944
226,1956
227,1912
228,1906
229,1942
230,1974
231,1978
232,1860
233,1712
234,1714
235,1702
236,1730
237,1724
238,1754
239,1774
240,1808
241,1854
242,1888
243,1952
244,2036
245,2056
246,2078
247,2064
248,2098
249,2128
250,2130
251,2090
252,1992
253,1886
254,1868
255,1834
0,1848
1,1800
2,1830
3,1846
4,1836
5,1864
6,1858
7,1874
8,1818
9,1786
10,1762
11,1734
12,1808
13,1800
14,1810
15,1844
16,1846
17,1826
18,1888
19,1916
20,1998
21,1968
22,1956
23,1924
24,1960
25,1956
26,1926
27,1908
28,1902
29,1886
30,1934
31,1896
32,1842
33,1848
34,1828
35,1804
36,1880
37,1858
38,1820
39,1876
40,1836
41,1828
42,1944
43,1900
44,1928
45,1998
46,2058
47,1976
48,2070
49,2110
50,2060
51,2022
52,2098
53,2056
54,2050
55,2018
56,1944
57,1928
58,1934
59,1900
60,1832
61,1800
62,1790
63,1796
64,1726
65,1716
66,1680
67,1732
68,1744
69,1782
70,1850
71,1818
72,1832
73,1804
74,1864
75,1914
76,1966
77,1962
78,1984
79,2012
80,2052
81,2074
82,2052
83,2018
84,2038
85,2002
86,2028
87,2042
88,2030
89,2054
90,2032
91,1942
92,1972
93,1978
94,1934
95,1910
96,1814
97,1708
98,1768
99,1818
100,1796
101,1770
102,1922
103,1864
104,1874
105,1996
106,1934
107,1950
108,2094
109,2134
110,2074
111,2196
112,2206
113,2224
114,2170
115,2116
116,2090
117,2028
118,1906
119,1910
120,1926
121,1830
122,1830
123,1788
124,1780
125,1816
126,1788
127,1740
128,1752
129,1810
130,1812
131,1830
132,1826
133,1870
134,1878
135,1910
136,2038
137,2058
138,2078
139,2138
140,2142
141,2128
142,2172
143,2116
144,2144
145,2162
146,2040
147,1918
148,1870
149,1870
150,1944
151,1776
152,1690
153,1836
154,1884
155,1820
156,1828
157,1850
158,1830
159,1814
160,1840
161,1906
162,1998
163,2042
164,2016
165,2174
166,2214
167,2150
168,2182
169,2268
170,2188
171,2102
172,2162
173,2070
174,1926
175,1856
176,1900
177,1910
178,1884
179,1808
180,1738
181,1682
182,1686
183,1648
184,1534
185,1470
186,1562
187,1608
188,1636
189,1652
190,1664
191,1624
192,1756
193,1908
194,1984
195,1990
196,2160
197,2226
198,2202
199,2170
200,2228
201,2072
202,2048
203,2066
204,2030
205,1900
206,1896
207,1916
208,1756
209,1692
210,1722
211,1696
212,1688
213,1808
214,1880
215,1856
216,1818
217,1952
218,1932
219,1894
220,1920
221,1960
222,2002
223,2012
224,2014
225,2020
226,1958
227,2050
228,2106
229,1988
230,1994
231,2030
232,2002
233,1938
234,1966
235,1954
236,1942
237,1970
238,1958
239,1808
240,1848
241,1868
242,1792
243,1782
244,1790
245,1746
246,1738
247,1802
248,1832
249,1842
250,1882
251,1856
252,1746
253,1862
254,1916
255,1894
0,1900
1,1996
2,1980
3,1976
4,2008
5,2024
6,1982
7,2022
8,2092
9,2094
10,2036
11,2022
12,1988
13,1902
14,1936
15,1960
16,1830
17,1718
18,1820
19,1746
20,1640
21,1716
22,1790
23,1694
24,1716
25,1866
26,1894
27,1788
28,1796
29,1906
30,1868
31,1948
32,2034
33,2010
34,1966
35,2090
36,2076
37,2016
38,2034
39,2048
40,2000
41,2042
42,2070
43,1912
44,1816
45,1868
46,1782
47,1750
48,1708
49,1724
50,1730
51,1770
52,1662
53,1684
54,1682
55,1556
56,1698
57,1764
58,1760
59,1800
60,1804
61,1822
62,1850
63,1852
64,1846
65,1822
66,1838
67,1868
68,1814
69,1836
70,1836
71,1834
72,1876
73,1952
74,1836
75,1782
76,1800
77,1792
78,1768
79,1786
80,1702
81,1664
82,1768
83,1842
84,1800
85,1812
86,1896
87,1826
88,1858
89,2024
90,2034
91,2022
92,2096
93,2100
94,2102
95,2040
96,1984
97,1942
98,1876
99,1806
100,1780
101,1764
102,1746
103,1764
104,1808
105,1806
106,1858
107,1798
108,1784
109,1792
110,1862
111,1848
112,1808
113,1866
114,1908
115,1886
116,1928
117,1984
118,1884
119,1884
120,1932
121,1944
122,1946
123,1932
124,1916
125,1922
126,2082
127,2070
128,1996
129,1972
130,1982
131,1946
132,1924
133,2006
134,1972
135,1894
136,1910
137,1890
138,1890
139,1900
140,1864
141,1914
142,1952
143,1910
144,1918
145,1862
146,1870
147,1858
148,1886
149,1858
150,1942
151,1932
152,1908
153,1860
154,1790
155,1676
156,1664
157,1732
158,1820
159,1868
160,1786
161,1794
162,1868
163,1932
164,1866
165,1860
166,1986
167,2030
168,2012
169,2026
170,1972
171,1886
172,1818
173,1836
174,1790
175,1778
176,1714
177,1800
178,1762
179,1822
180,1802
181,1820
182,1824
183,1900
184,1982
185,2020
186,1968
187,1958
188,1980
189,2066
190,1964
191,1902
192,1908
193,1876
194,1846
195,1800
196,1704
197,1572
198,1608
199,1728
200,1924
201,1966
202,1944
203,1960
204,2102
205,2178
206,2174
207,2046
208,1914
209,1930
210,1966
211,1920
212,1794
213,1700
214,1608
215,1648
216,1740
217,1714
218,1696
219,1798
220,1894
221,2128
222,2224
223,2128
224,2168
225,2224
226,2196
227,2224
228,2052
229,1888
230,1792
231,1718
232,1674
233,1670
234,1632
235,1696
236,1878
237,1932
238,2014
239,2030
240,1988
241,1990
242,2040
243,2126
244,2098
245,2180
246,2226
247,2160
248,2048
249,1936
250,1858
251,1848
252,1860
253,1822
254,1826
255,1788
0,1746
1,1770
2,1840
3,1858
4,1818
5,1890
6,2020
7,2072
8,2050
9,1934
10,1866
11,1916
12,1908
13,1872
14,1902
15,1874
16,1752
17,1728
18,1818
19,1836
20,1834
21,1782
22,1836
23,1872
24,1842
25,1816
26,1788
27,1708
28,1656
29,1676
30,1722
31,1772
32,1780
33,1802
34,1896
35,1962
36,2030
37,1972
38,1938
39,1884
40,1814
41,1748
42,1766
43,1686
44,1678
45,1760
46,1730
47,1684
48,1696
49,1762
50,1910
51,1922
52,1894
53,1838
54,1954
55,2020
56,1972
57,1850
58,1726
59,1596
60,1532
61,1534
62,1528
63,1380
64,1416
65,1566
66,1710
67,1916
68,2002
69,2134
70,2304
71,2392
72,2444
73,2408
74,2476
75,2478
76,2330
77,2278
78,2140
79,2032
80,1940
81,1938
82,1822
83,1730
84,1698
85,1852
86,2002
87,2002
88,2090
89,2156
90,2184
91,2236
92,2286
93,2262
94,2238
95,2196
96,2148
97,2140
98,2066
99,1880
100,1780
101,1786
102,1742
103,1700
104,1780
105,1868
106,1872
107,1812
108,1892
109,1858
110,1804
111,1774
112,1772
113,1788
114,1744
115,1666
116,1530
117,1448
118,1422
119,1386
120,1454
121,1540
122,1592
123,1594
124,1706
125,1874
126,1866
127,1844
128,1864
129,1908
130,1902
131,1842
132,1696
133,1634
134,1588
135,1564
136,1500
137,1474
138,1464
139,1536
140,1612
141,1660
142,1718
143,1682
144,1654
145,1658
146,1712
147,1726
148,1570
149,1416
150,1302
151,1284
152,1234
153,1344
154,1264
155,1210
156,1260
157,1394
158,1546
159,1702
160,1900
161,2060
162,2334
163,2556
164,2682
165,2804
166,2818
167,2642
168,2450
169,2360
170,2340
171,2210
172,2112
173,2026
174,1952
175,1962
176,1980
177,1936
178,1910
179,1976
180,2150
181,2300
182,2382
183,2462
184,2414
185,2278
186,2250
187,2240
188,2146
189,2160
190,2142
191,2222
192,2286
193,2334
194,2302
195,2192
196,2222
197,2402
198,2520
199,2490
200,2402
201,2250
202,2122
203,1974
204,1836
205,1672
206,1626
207,1514
208,1470
209,1442
210,1436
211,1310
212,1204
213,1282
214,1410
215,1546
216,1730
217,1832
218,1806
219,1908
220,1890
221,1896
222,1876
223,1926
224,2004
225,2152
226,2130
227,2028
228,1862
229,1756
230,1724
231,1692
232,1568
233,1518
234,1518
235,1488
236,1472
237,1444
238,1392
239,1318
240,1482
241,1616
242,1578
243,1494
244,1484
245,1522
246,1482
247,1454
248,1418
249,1374
250,1336
251,1238
252,1198
253,1216
254,1214
255,1162
0,1080
1,1140
2,1420
3,1744
4,2018
5,2144
6,2322
7,2540
8,2906
9,3162
10,3096
11,2890
12,2774
13,2782
14,2710
15,2476
16,2084
17,1722
18,1534
19,1456
20,1346
21,1376
22,1334
23,1280
24,1424
25,1786
26,2084
27,2260
28,2472
29,2668
30,2860
31,2932
32,2876
33,2768
34,2642
35,2508
36,2278
37,2146
38,2114
39,2064
40,2038
41,2036
42,2038
43,1974
44,2036
45,2236
46,2250
47,2188
48,2134
49,2084
50,2038
51,1992
52,1898
53,1868
54,1828
55,1790
56,1674
57,1598
58,1656
59,1734
60,1796
61,1986
62,2234
63,2376
64,2446
65,2514
66,2442
67,2324
68,2236
69,2252
70,2226
71,2096
72,1938
73,1716
74,1454
75,1384
76,1294
77,1228
78,1252
79,1394
80,1538
81,1708
82,1756
83,1838
84,1892
85,1954
86,1944
87,1840
88,1744
89,1718
90,1576
91,1408
92,1190
93,938
94,762
95,610
96,528
97,514
98,452
99,310
100,240
101,258
102,462
103,692
104,948
105,1346
106,1802
107,2418
108,3052
109,3566
110,3790
111,3904
112,3910
113,3896
114,3738
115,3446
116,2978
117,2390
118,1804
119,1280
120,856
121,478
122,158
123,170
124,366
125,700
126,1142
127,1600
128,1930
129,2278
130,2640
131,2970
132,3286
133,3524
134,3542
135,3370
136,3194
137,2948
138,2602
139,2364
140,2172
141,1994
142,1916
143,1868
144,1786
145,1764
146,1722
147,1650
148,1598
149,1712
150,1880
151,1840
152,1812
153,1882
154,1888
155,1748
156,1640
157,1544
158,1534
159,1552
160,1574
161,1582
162,1650
163,1918
164,2216
165,2386
166,2602
167,2926
168,3144
169,3364
170,3420
171,3214
172,2902
173,2630
174,2250
175,1754
176,1338
177,948
178,642
179,394
180,432
181,552
182,642
183,954
184,1266
185,1660
186,2088
187,2398
188,2600
189,2690
190,2666
191,2480
192,2140
193,1706
194,1186
195,640
196,180
197,14
198,-128
199,-350
200,-500
201,-460
202,-332
203,-74
204,240
205,510
206,750
207,1034
208,1512
209,2314
210,3264
211,3966
212,4302
213,4578
214,4806
215,4960
216,4796
217,4294
218,3434
219,2488
220,1724
221,1018
222,428
223,-208
224,-770
225,-980
226,-802
227,-272
228,356
229,1044
230,1674
231,2218
232,2830
233,3598
234,4136
235,4400
236,4494
237,4350
238,4004
239,3604
240,3168
241,2694
242,2164
243,1620
244,1260
245,1132
246,1096
247,1036
248,970
249,944
250,990
251,978
252,1068
253,1274
254,1506
255,1652
0,1760
1,1916
2,2118
3,2064
4,1998
5,2028
6,2128
7,2210
8,2278
9,2370
10,2450
11,2508
12,2590
13,2656
14,2728
15,2876
16,3026
17,2954
18,2760
19,2614
20,2322
21,1972
22,1602
23,1298
24,1020
25,790
26,706
27,670
28,684
29,930
30,1280
31,1594
32,1930
33,2240
34,2420
35,2548
36,2576
37,2542
38,2290
39,1962
40,1650
41,1400
42,1100
43,758
44,366
45,52
46,-100
47,-264
48,-356
49,-302
50,-294
51,-314
52,-232
53,-42
54,388
55,990
56,2028
57,3440
58,5026
59,5994
60,6154
61,5916
62,5858
63,5778
64,5130
65,3746
66,2086
67,792
68,-6
69,-658
70,-1556
71,-2544
72,-3058
73,-2866
74,-1924
75,-588
76,750
77,1752
78,2616
79,3652
80,4886
81,5904
82,6366
83,6418
84,6146
85,5626
86,4952
87,4234
88,3506
89,2618
90,1542
91,496
92,-138
93,-312
94,-344
95,-410
96,-432
97,-236
98,60
99,478
100,1098
101,1768
102,2284
103,2626
104,2870
105,3128
106,3036
107,2704
108,2202
109,1758
110,1596
111,1658
112,1880
113,2092
114,2336
115,2466
116,2556
117,2880
118,3266
119,3434
120,3414
121,3264
122,2972
123,2542
124,2012
125,1336
126,578
127,174
128,58
129,154
130,356
131,556
132,792
133,1258
134,1956
135,2632
136,3046
137,3356
138,3480
139,3448
140,3224
141,2802
142,2104
143,1378
144,760
145,364
146,68
147,-62
148,-240
149,-370
150,-376
151,-304
152,-234
153,-94
154,58
155,178
156,306
157,634
158,1236
159,2134
160,3378
161,4896
162,6040
163,6196
164,5612
165,5216
166,5442
167,5568
168,4458
169,2300
170,402
171,-494
172,-866
173,-1546
174,-2482
175,-3186
176,-3164
177,-2274
178,-754
179,882
180,2302
181,3356
182,4432
183,5734
184,6978
185,7578
186,7472
187,6864
188,5808
189,4520
190,3418
191,2654
192,2036
193,1156
194,-162
195,-1444
196,-1976
197,-1652
198,-1076
199,-660
200,-268
201,246
202,982
203,1758
204,2578
205,3432
206,3942
207,4030
208,3906
209,3848
210,3542
211,2604
212,1470
213,686
214,400
215,326
216,412
217,724
218,1346
219,2078
220,2750
221,3386
222,4048
223,4582
224,4774
225,4482
226,3780
227,2938
228,1944
229,992
230,216
231,-324
232,-588
233,-592
234,-390
235,-94
236,558
237,1584
238,2618
239,3364
240,3916
241,4374
242,4632
243,4406
244,3816
245,2802
246,1814
247,970
248,398
249,-156
250,-686
251,-1102
252,-1358
253,-1332
254,-1060
255,-608
0,-52
1,562
2,1036
3,1312
4,1490
5,1726
6,1886
7,1876
8,2146
9,3380
10,5094
11,5832
12,5158
13,4196
14,4176
15,4904
16,4730
17,2938
18,522
19,-934
20,-1170
21,-1008
22,-1248
23,-2108
24,-2772
25,-2306
26,-584
27,1586
28,3376
29,4490
30,5252
31,5942
32,6472
33,6682
34,6606
35,6212
36,5054
37,3542
38,2628
39,2548
40,2586
41,1700
42,-342
43,-2428
44,-3100
45,-2008
46,-572
47,268
48,568
49,850
50,1398
51,2292
52,3530
53,4608
54,5016
55,4660
56,4448
57,4556
58,4248
59,2746
60,788
61,-526
62,-948
63,-976
64,-928
65,-440
66,320
67,920
68,1482
69,2606
70,4086
71,5298
72,5730
73,5488
74,4960
75,4396
76,3670
77,2638
78,1536
79,580
80,-118
81,-546
82,-882
83,-1206
84,-1208
85,-402
86,916
87,2122
88,2972
89,3742
90,4600
91,4974
92,4678
93,3892
94,3054
95,2462
96,1746
97,1056
98,348
99,-302
100,-888
101,-1404
102,-1438
103,-1144
104,-592
105,32
106,432
107,680
108,1036
109,1816
110,2564
111,2416
112,1304
113,114
114,358
115,2218
116,4568
117,5638
118,4954
119,3640
120,3456
121,4810
122,5812
123,4076
124,368
125,-2248
126,-2072
127,-790
128,-680
129,-1616
130,-2168
131,-1350
132,516
133,2662
134,4402
135,5270
136,5140
137,4442
138,4348
139,5274
140,6064
141,5812
142,4750
143,3438
144,2330
145,1818
146,1514
147,456
148,-1488
149,-2944
150,-2672
151,-1154
152,628
153,1832
154,2204
155,2154
156,2330
157,3332
158,4754
159,5478
160,5016
161,3912
162,3086
163,2736
164,2376
165,1486
166,140
167,-1402
168,-2400
169,-2214
170,-1078
171,68
172,754
173,1352
174,2598
175,4162
176,5582
177,6342
178,6152
179,5260
180,4422
181,4110
182,3882
183,3234
184,2154
185,988
186,-164
187,-1464
188,-2516
189,-2846
190,-2152
191,-1014
192,200
193,1442
194,2968
195,4466
196,5354
197,5314
198,4832
199,4634
200,4570
201,4186
202,3254
203,2050
204,892
205,26
206,-502
207,-960
208,-1494
209,-1830
210,-1874
211,-1760
212,-1458
213,-582
214,536
215,1448
216,1962
217,2158
218,2010
219,1464
220,1082
221,1742
222,3602
223,5394
224,5686
225,4598
226,3942
227,4880
228,6304
229,5796
230,2386
231,-1648
232,-3228
233,-2046
234,-604
235,-716
236,-1860
237,-2124
238,-724
239,1360
240,3022
241,3912
242,4124
243,3964
244,4188
245,5396
246,6796
247,7056
248,6088
249,4414
250,2836
251,2018
252,1828
253,1318
254,-284
255,-2096
0,-2744
1,-1940
2,-424
3,992
4,1820
5,2024
6,2086
7,2628
8,3758
9,4600
10,4434
11,3298
12,2180
13,1848
14,2084
15,2252
16,1640
17,206
18,-1358
19,-1800
20,-584
21,1070
22,1778
23,1640
24,2090
25,3670
26,5536
27,6408
28,5898
29,4474
30,3082
31,2392
32,2604
33,2868
34,2648
35,1558
36,142
37,-922
38,-1430
39,-1544
40,-1404
41,-792
42,362
43,1546
44,2830
45,4114
46,4870
47,4746
48,4264
49,4282
50,4564
51,4358
52,3484
53,2480
54,1980
55,1724
56,912
57,-498
58,-1690
59,-2140
60,-2146
61,-1944
62,-1598
63,-922
64,56
65,1134
66,1994
67,2604
68,2910
69,2688
70,1952
71,1140
72,1000
73,2056
74,4132
75,5542
76,5232
77,3932
78,3570
79,4780
80,5630
81,3816
82,-264
83,-3384
84,-3418
85,-1582
86,-462
87,-902
88,-1852
89,-1772
90,-284
91,2034
92,4168
93,5278
94,5172
95,4946
96,5370
97,6322
98,7118
99,7188
100,6182
101,4164
102,2026
103,754
104,306
105,-236
106,-1248
107,-2674
108,-3516
109,-2962
110,-928
111,1184
112,2094
113,1918
114,2110
115,3194
116,4450
117,4956
118,4624
119,3974
120,3500
121,3172
122,2912
123,2386
124,1218
125,-368
126,-1302
127,-822
128,58
129,318
130,294
131,876
132,2170
133,3428
134,3968
135,3908
136,3468
137,2864
138,2280
139,2534
140,3672
141,4438
142,3968
143,2504
144,1278
145,846
146,640
147,72
148,-806
149,-1086
150,-386
151,1146
152,2580
153,3070
154,2836
155,2618
156,2920
157,3450
158,3752
159,3766
160,3660
161,3890
162,3782
163,2856
164,1128
165,-476
166,-1408
167,-1916
168,-2358
169,-2310
170,-1354
171,198
172,1004
173,926
174,1084
175,2166
176,3132
177,3080
178,2138
179,1266
180,890
181,1298
182,2288
183,3582
184,4226
185,3906
186,3564
187,3936
188,4422
189,3754
190,1430
191,-1448
192,-3114
193,-2380
194,-164
195,1476
196,1322
197,230
198,158
199,1966
200,4370
201,5432
202,4900
203,4122
204,4052
205,4632
206,5482
207,6066
208,5430
209,3740
210,1742
211,100
212,-920
213,-1354
214,-1486
215,-2302
216,-3346
217,-2818
218,-374
219,2450
220,3636
221,3416
222,3090
223,3186
224,3692
225,4378
226,5056
227,4850
228,3346
229,1938
230,1862
231,2244
232,1530
233,-122
234,-1370
235,-1572
236,-1214
237,-600
238,336
239,1348
240,2066
241,2590
242,3082
243,3498
244,3564
245,3554
246,3786
247,4198
248,4614
249,4698
250,4112
251,3068
252,1592
253,80
254,-988
255,-1460
0,-1798
1,-2110
2,-1586
3,146
4,1942
5,2826
6,2784
7,2862
8,3472
9,4360
10,4984
11,5446
12,5858
13,5606
14,4492
15,2774
16,1120
17,-336
18,-1580
19,-2658
20,-3132
21,-2444
22,-838
23,534
24,608
25,-24
26,80
27,1496
28,3246
29,3980
30,3468
31,2588
32,1894
33,1200
34,400
35,84
36,816
37,2202
38,3406
39,3876
40,3476
41,2736
42,2430
43,2388
44,1512
45,-126
46,-738
47,656
48,2694
49,3502
50,2564
51,1184
52,770
53,1324
54,2140
55,2720
56,3464
57,4068
58,4166
59,3880
60,3664
61,3324
62,2906
63,2366
64,1260
65,-142
66,-592
67,112
68,810
69,374
70,-206
71,354
72,1706
73,2658
74,2722
75,2670
76,2966
77,3298
78,3444
79,3156
80,2710
81,2248
82,2084
83,2202
84,2000
85,1330
86,602
87,408
88,322
89,-74
90,-200
91,518
92,1464
93,1988
94,2128
95,2332
96,2654
97,3300
98,4192
99,4504
100,3848
101,2744
102,2290
103,2390
104,2008
105,778
106,-336
107,-270
108,544
109,1002
110,736
111,524
112,1092
113,1942
114,2462
115,2708
116,3020
117,3690
118,4570
119,5650
120,5794
121,4750
122,3252
123,1864
124,572
125,-536
126,-726
127,-202
128,-38
129,-420
130,-466
131,322
132,1036
133,680
134,-158
135,-114
136,960
137,2674
138,4178
139,4908
140,4372
141,2902
142,1578
143,310
144,-1086
145,-2570
146,-3068
147,-1484
148,1516
149,3940
150,4484
151,3512
152,2652
153,2912
154,3990
155,4368
156,3274
157,1778
158,1558
159,2758
160,3570
161,2676
162,978
163,46
164,392
165,1286
166,2054
167,2356
168,1998
169,1472
170,1680
171,2788
172,4152
173,4442
174,3178
175,1344
176,608
177,1360
178,2020
179,1624
180,738
181,348
182,906
183,2076
184,3596
185,4254
186,3128
187,1190
188,272
189,1336
190,2890
191,3296
192,2740
193,2242
194,2432
195,2524
196,2310
197,1776
198,550
199,-1092
200,-2042
201,-1300
202,474
203,2088
204,2794
205,2632
206,2244
207,2152
208,2320
209,2450
210,2418
211,2398
212,2922
213,4060
214,4924
215,4526
216,3350
217,2152
218,1178
219,270
220,-496
221,-458
222,224
223,1034
224,1554
225,2122
226,3018
227,3650
228,3590
229,2940
230,2388
231,2504
232,2820
233,3010
234,2982
235,3186
236,3524
237,3368
238,2378
239,922
240,-76
241,-180
242,-8
243,-180
244,-568
245,-386
246,568
247,1812
248,2918
249,3448
250,3048
251,1722
252,168
253,-432
254,120
255,796
0,846
1,286
2,46
3,744
4,2258
5,3466
6,2928
7,1116
8,260
9,1942
10,4978
11,6438
12,5076
13,2616
14,1470
15,1976
16,2674
17,2374
18,1136
19,-170
20,-390
21,868
22,2734
23,3400
24,2342
25,828
26,394
27,1462
28,3044
29,3506
30,2526
31,1368
32,1286
33,1980
34,2714
35,3140
36,2828
37,1900
38,1010
39,1072
40,2246
41,3298
42,3246
43,2256
44,1662
45,1926
46,2218
47,2146
48,1810
49,1062
50,64
51,-126
52,834
53,1824
54,1380
55,60
56,-496
57,398
58,1874
59,2682
60,2348
61,1626
62,1606
63,2600
64,3848
65,4458
66,4284
67,3658
68,2956
69,2268
70,1806
71,1612
72,1522
73,1076
74,408
75,414
76,1512
77,2478
78,1976
79,506
80,164
81,1536
82,3342
83,4052
84,3542
85,2964
86,3050
87,3772
88,4472
89,4296
90,3122
91,1954
92,1584
93,1524
94,1154
95,608
96,340
97,208
98,-104
99,-148
100,566
101,1658
102,2042
103,1612
104,1314
105,1628
106,2188
107,2266
108,2010
109,1942
110,1812
111,1410
112,468
113,-820
114,-2206
115,-3242
116,-2970
117,-1342
118,974
119,2930
120,4320
121,5122
122,5378
123,5466
124,5704
125,5340
126,4072
127,2818
128,3084
129,4568
130,5392
131,3900
132,670
133,-1848
134,-2300
135,-1622
136,-1146
137,-738
138,-128
139,556
140,986
141,1328
142,1878
143,2598
144,3118
145,3200
146,3216
147,3960
148,5006
149,5562
150,4972
151,3792
152,3040
153,2912
154,2686
155,1662
156,154
157,-730
158,-824
159,-508
160,-292
161,-260
162,-180
163,-166
164,242
165,1336
166,2382
167,2740
168,2352
169,2040
170,2374
171,3186
172,3888
173,3946
174,3222
175,1970
176,958
177,730
178,1224
179,1718
180,1680
181,1396
182,1228
183,1278
184,1634
185,2004
186,2140
187,1964
188,2156
189,3086
190,3892
191,3330
192,1702
193,982
194,1834
195,2892
196,3158
197,2962
198,3116
199,3296
200,3186
201,2914
202,2746
203,2562
204,2290
205,2124
206,2030
207,2060
208,2482
209,2808
210,2136
211,514
212,-686
213,-634
214,-110
215,94
216,-2
217,114
218,834
219,1680
220,2076
221,2044
222,1860
223,1760
224,1462
225,1090
226,646
227,82
228,-492
229,-994
230,-884
231,192
232,2080
233,3732
234,3994
235,3174
236,2478
237,3112
238,4886
239,6138
240,5354
241,3130
242,1786
243,2374
244,3602
245,3178
246,804
247,-1618
248,-2172
249,-1316
250,-366
251,240
252,696
253,900
254,1058
255,1716
0,3044
1,4420
2,5264
3,5186
4,4402
5,4092
6,4652
7,5364
8,4700
9,2538
10,60
11,-1214
12,-1046
13,-724
14,-822
15,-1066
16,-924
17,-426
18,550
19,1572
20,2174
21,1950
22,1748
23,2318
24,3710
25,4888
26,4964
27,4146
28,3302
29,2824
30,2262
31,1172
32,-90
33,-834
34,-1126
35,-1190
36,-1044
37,-464
38,470
39,1274
40,1818
41,2112
42,2898
43,4344
44,5376
45,5226
46,4236
47,3854
48,4332
49,4364
50,3148
51,1610
52,1236
53,2046
54,2600
55,2248
56,1632
57,1334
58,1200
59,936
60,858
61,1144
62,1636
63,2016
64,2324
65,2788
66,3210
67,3204
68,2488
69,1396
70,754
71,1012
72,1862
73,2210
74,1510
75,524
76,540
77,1548
78,2110
79,1306
80,122
81,-144
82,644
83,1218
84,1062
85,688
86,758
87,902
88,856
89,954
90,1124
91,512
92,-678
93,-746
94,1122
95,3318
96,3944
97,3220
98,3280
99,5054
100,6942
101,6814
102,4678
103,2698
104,2142
105,2632
106,2852
107,1938
108,40
109,-1448
110,-1618
111,-1030
112,-526
113,-156
114,486
115,1306
116,2028
117,2844
118,3666
119,3978
120,3394
121,2404
122,2140
123,2934
124,4068
125,4328
126,3224
127,1652
128,774
129,900
130,1354
131,1184
132,488
133,232
134,794
135,1718
136,2372
137,2624
138,2140
139,1040
140,286
141,1102
142,2878
143,3754
144,2738
145,760
146,-186
147,248
148,870
149,526
150,-540
151,-890
152,260
153,2332
154,3916
155,4124
156,3474
157,2968
158,2840
159,3088
160,3388
161,3854
162,4032
163,3618
164,2844
165,2358
166,2538
167,2348
168,1200
169,-196
170,-500
171,542
172,1896
173,2614
174,2556
175,2364
176,2566
177,2998
178,2954
179,2212
180,1698
181,2374
182,3564
183,3896
184,2902
185,1690
186,988
187,742
188,664
189,436
190,18
191,-578
192,-1022
193,-696
194,600
195,1872
196,2242
197,1832
198,1570
199,1676
200,2014
201,2292
202,2248
203,1972
204,1968
205,2598
206,3238
207,3006
208,1888
209,390
210,-848
211,-1552
212,-1368
213,-252
214,1470
215,3124
216,4090
217,4090
218,3744
219,3892
220,4610
221,4442
222,3078
223,1794
224,1770
225,2294
226,1988
227,904
228,104
229,312
230,848
231,848
232,500
233,450
234,690
235,790
236,830
237,1230
238,1964
239,2640
240,2972
241,3198
242,3654
243,4174
244,4482
245,3992
246,2840
247,1652
248,1194
249,1578
250,2012
251,1726
252,920
253,428
254,872
255,1244
0,758
1,-74
2,-236
3,444
4,1424
5,2272
6,2912
7,2902
8,2094
9,1016
10,674
11,1268
12,1890
13,2012
14,1828
15,1844
16,2110
17,2512
18,3020
19,3326
20,3042
21,2526
22,2666
23,3658
24,4198
25,3342
26,1814
27,844
28,904
29,1054
30,932
31,260
32,-522
33,-654
34,234
35,1438
36,2234
37,2876
38,3756
39,4342
40,4410
41,4482
42,5054
43,5240
44,4102
45,2234
46,1092
47,884
48,780
49,150
50,-530
51,-990
52,-1160
53,-1102
54,-866
55,-440
56,-22
57,712
58,2118
59,3858
60,4784
61,4512
62,3656
63,3058
64,3018
65,3510
66,3938
67,3562
68,2336
69,1190
70,862
71,988
72,570
73,-612
74,-1748
75,-2252
76,-1980
77,-1262
78,-348
79,564
80,1206
81,1850
82,2844
83,4218
84,5366
85,5816
86,5524
87,4962
88,4260
89,3416
90,2616
91,2018
92,1542
93,1180
94,822
95,106
96,-750
97,-980
98,-272
99,512
100,604
101,558
102,1250
103,2406
104,3064
105,3080
106,3020
107,3346
108,3642
109,3692
110,3322
111,2748
112,2186
113,1816
114,1732
115,1396
116,670
117,324
118,830
119,1808
120,2116
121,1864
122,1606
123,1506
124,1446
125,1352
126,1252
127,1232
128,1342
129,1664
130,1890
131,1838
132,1686
133,1782
134,1926
135,1414
136,700
137,922
138,2376
139,3854
140,4000
141,3238
142,2698
143,2686
144,2482
145,1754
146,1142
147,994
148,1192
149,1598
150,1798
151,1742
152,1494
153,1546
154,1778
155,1814
156,1780
157,2332
158,3312
159,3590
160,2728
161,1846
162,2058
163,2760
164,2676
165,1752
166,1244
167,1670
168,2210
169,2150
170,1694
171,1116
172,636
173,326
174,596
175,1432
176,2380
177,2904
178,2992
179,2914
180,2732
181,2528
182,2250
183,1810
184,1212
185,848
186,956
187,1380
188,1412
189,916
190,384
191,412
192,918
193,1410
194,1566
195,1586
196,1644
197,1710
198,1556
199,1268
200,894
201,430
202,136
203,680
204,1914
205,2842
206,2744
207,2152
208,1956
209,2612
210,3504
211,3586
212,2782
213,2218
214,2680
215,3558
216,3812
217,3120
218,1958
219,1270
220,1098
221,986
222,666
223,232
224,-136
225,-184
226,372
227,1322
228,1946
229,1932
230,1864
231,2180
232,2760
233,3134
234,3158
235,2992
236,2754
237,2808
238,3464
239,4182
240,3998
241,2726
242,1408
243,774
244,522
245,106
246,-212
247,-206
248,-90
249,-36
250,180
251,664
252,804
253,478
254,670
255,1772
0,2954
1,3404
2,3514
3,3932
4,4276
5,3902
6,3004
7,2260
8,1964
9,1906
10,1966
11,1918
12,1784
13,1676
14,1554
15,1266
16,950
17,1024
18,1552
19,2098
20,2190
21,1810
22,1750
23,2278
24,2746
25,2620
26,2114
27,1776
28,1662
29,1624
30,1564
31,1534
32,1844
33,2300
34,2454
35,2370
36,2332
37,2478
38,2662
39,2612
40,2308
41,2258
42,2564
43,2442
44,1558
45,838
46,968
47,1298
48,1258
49,922
50,638
51,386
52,254
53,644
54,1554
55,2330
56,2464
57,2308
58,2538
59,3060
60,3488
61,3424
62,2566
63,1458
64,988
65,1400
66,1852
67,1470
68,730
69,466
70,556
71,392
72,-28
73,80
74,686
75,1314
76,1922
77,2936
78,3886
79,3822
80,2808
81,1964
82,1868
83,2404
84,2622
85,2028
86,922
87,352
88,698
89,1110
90,868
91,402
92,500
93,1146
94,1724
95,2032
96,2684
97,3598
98,3974
99,3406
100,2688
101,2530
102,2498
103,1940
104,1148
105,700
106,612
107,808
108,1150
109,1416
110,1308
111,986
112,694
113,950
114,1506
115,1872
116,1684
117,1376
118,1772
119,2708
120,3520
121,3580
122,2978
123,2426
124,2104
125,1822
126,1566
127,1586
128,1956
129,2430
130,2780
131,2786
132,2448
133,2092
134,1796
135,1434
136,1124
137,1096
138,1426
139,1692
140,1706
141,1566
142,1508
143,1638
144,1606
145,1344
146,1192
147,1642
148,2386
149,2748
150,2670
151,2580
152,2852
153,3136
154,3062
155,2808
156,2552
157,2326
158,2050
159,1744
160,1612
161,1434
162,1192
163,796
164,496
165,482
166,672
167,868
168,908
169,992
170,1126
171,1324
172,1566
173,1830
174,2192
175,2626
176,2892
177,2868
178,2586
179,2394
180,2596
181,3018
182,3028
183,2486
184,2074
185,2074
186,1970
187,1228
188,340
189,120
190,494
191,914
192,1062
193,1192
194,1518
195,1730
196,1592
197,1440
198,1726
199,2414
200,2774
201,2508
202,2078
203,2138
204,2452
205,2126
206,934
207,-286
208,-594
209,-50
210,502
211,694
212,850
213,1308
214,1852
215,2226
216,2516
217,2936
218,3362
219,3514
220,3276
221,2990
222,2886
223,2800
224,2502
225,1992
226,1672
227,1578
228,1432
229,942
230,298
231,10
232,300
233,752
234,968
235,960
236,1164
237,1556
238,1868
239,1794
240,1626
241,1730
242,2174
243,2680
244,2898
245,2754
246,2572
247,2580
248,2684
249,2646
250,2322
251,2010
252,2046
253,2390
254,2686
255,2596
0,2102
1,1524
2,1020
3,804
4,774
5,948
6,1124
7,1124
8,1122
9,1474
10,2178
11,2804
12,2976
13,2724
14,2316
15,2082
16,2184
17,2548
18,3146
19,3432
20,3252
21,2644
22,2114
23,1758
24,1268
25,682
26,324
27,294
28,394
29,674
30,986
31,1202
32,1092
33,958
34,954
35,1192
36,1694
37,2274
38,2726
39,2734
40,2476
41,2488
42,2834
43,3200
44,2908
45,2302
46,2050
47,2310
48,2610
49,2674
50,2462
51,1974
52,1344
53,828
54,578
55,354
56,98
57,10
58,222
59,692
60,860
61,834
62,906
63,1376
64,2018
65,2322
66,2448
67,2788
68,3384
69,3688
70,3410
71,2940
72,2676
73,2578
74,2200
75,1490
76,850
77,760
78,1052
79,1240
80,1012
81,496
82,228
83,394
84,1028
85,1596
86,2038
87,2440
88,2788
89,2830
90,2606
91,2468
92,2528
93,2432
94,2056
95,1688
96,1618
97,1768
98,1630
99,1292
100,1032
101,906
102,778
103,488
104,286
105,180
106,288
107,770
108,1652
109,2458
110,2814
111,2742
112,2676
113,2790
114,2948
115,3052
116,3094
117,3070
118,2968
119,2794
120,2718
121,2626
122,2456
123,2180
124,1744
125,1252
126,798
127,676
128,848
129,994
130,928
131,994
132,1384
133,1772
134,1956
135,2114
136,2558
137,3070
138,3268
139,2998
140,2584
141,2608
142,3006
143,3252
144,2934
145,2424
146,2116
147,2098
148,2054
149,1678
150,1040
151,582
152,538
153,632
154,696
155,742
156,948
157,1228
158,1444
159,1484
160,1516
161,1762
162,2200
163,2506
164,2574
165,2642
166,2800
167,2806
168,2452
169,2008
170,1948
171,2208
172,2266
173,1966
174,1530
175,1258
176,994
177,740
178,622
179,806
180,1050
181,1042
182,898
183,926
184,1252
185,1660
186,1882
187,2032
188,2212
189,2426
190,2600
191,2646
192,2438
193,2390
194,2442
195,2414
196,2308
197,2210
198,2164
199,1904
200,1450
201,1154
202,1194
203,1458
204,1424
205,1282
206,1384
207,1648
208,1710
209,1590
210,1620
211,1722
212,1768
213,1886
214,2178
215,2450
216,2530
217,2288
218,2022
219,2012
220,2352
221,2520
222,2418
223,2288
224,2252
225,2268
226,2220
227,1980
228,1546
229,1160
230,1068
231,1310
232,1594
233,1616
234,1442
235,1476
236,1526
237,1466
238,1260
239,1266
240,1466
241,1706
242,2078
243,2538
244,2928
245,2754
246,2068
247,1546
248,1538
249,1866
250,2024
251,2086
252,2042
253,1862
254,1440
255,1122
0,1034
1,912
2,488
3,236
4,636
5,1362
6,1926
7,2200
8,2602
9,3050
10,3312
11,3382
12,3514
13,3784
14,3768
15,3486
16,3346
17,3408
18,3206
19,2612
20,1950
21,1316
22,770
23,388
24,376
25,482
26,422
27,122
28,130
29,726
30,1464
31,1902
32,2202
33,2542
34,2924
35,3200
36,3320
37,3286
38,3288
39,3166
40,2930
41,2584
42,2244
43,2038
44,1974
45,1670
46,1030
47,414
48,344
49,564
50,686
51,550
52,550
53,856
54,1222
55,1252
56,1158
57,1278
58,1694
59,2054
60,2252
61,2356
62,2460
63,2524
64,2496
65,2514
66,2492
67,2412
68,2272
69,2186
70,2054
71,1906
72,1860
73,1850
74,1816
75,1550
76,1320
77,1332
78,1352
79,1176
80,1088
81,1372
82,1758
83,1938
84,1834
85,1844
86,2120
87,2284
88,2066
89,1816
90,1944
91,2280
92,2444
93,2470
94,2390
95,2394
96,2204
97,1922
98,1618
99,1532
100,1596
101,1698
102,1768
103,1768
104,1768
105,1886
106,2028
107,2074
108,2058
109,2190
110,2358
111,2354
112,2232
113,2190
114,2358
115,2622
116,2638
117,2384
118,2036
119,1850
120,1794
121,1640
122,1338
123,1142
124,1188
125,1296
126,1354
127,1472
128,1588
129,1588
130,1496
131,1418
132,1566
133,1886
134,2128
135,2064
136,1862
137,1886
138,2070
139,2296
140,2464
141,2470
142,2432
143,2430
144,2246
145,1818
146,1390
147,1268
148,1208
149,938
150,692
151,774
152,1066
153,1312
154,1386
155,1386
156,1370
157,1372
158,1402
159,1456
160,1544
161,1836
162,2266
163,2730
164,2908
165,2748
166,2442
167,2216
168,2090
169,2068
170,2038
171,1970
172,1968
173,1948
174,1994
175,1980
176,1740
177,1342
178,1156
179,1288
180,1578
181,1906
182,2066
183,2150
184,2068
185,2040
186,2090
187,2248
188,2258
189,1984
190,1668
191,1576
192,1720
193,1796
194,1690
195,1484
196,1498
197,1662
198,1962
199,2092
200,2070
201,1810
202,1548
203,1486
204,1688
205,1966
206,2074
207,2008
208,1946
209,1862
210,1784
211,1560
212,1328
213,1110
214,892
215,868
216,868
217,1052
218,1274
219,1488
220,1598
221,1662
222,1860
223,2074
224,2150
225,2222
226,2418
227,2776
228,2968
229,2862
230,2628
231,2552
232,2642
233,2658
234,2350
235,1816
236,1472
237,1558
238,1910
239,2076
240,1894
241,1592
242,1436
243,1466
244,1498
245,1534
246,1608
247,1716
248,1714
249,1582
250,1706
251,2038
252,2300
253,2204
254,1922
255,1814
0,2044
1,2248
2,2336
3,2304
4,2326
5,2390
6,2364
7,2062
8,1664
9,1312
10,1136
11,1090
12,1214
13,1420
14,1618
15,1570
16,1246
17,982
18,1240
19,1858
20,2208
21,2048
22,1786
23,1824
24,2114
25,2288
26,1976
27,1488
28,1204
29,1292
30,1520
31,1626
32,1414
33,1110
34,956
35,1082
36,1322
37,1464
38,1444
39,1408
40,1580
41,1878
42,2100
43,2208
44,2188
45,2000
46,1822
47,1840
48,1986
49,2036
50,1810
51,1516
52,1368
53,1562
54,1770
55,1826
56,1848
57,1792
58,1740
59,1770
60,1926
61,2066
62,2076
63,2080
64,2194
65,2292
66,2206
67,2086
68,1978
69,1968
70,1930
71,1874
72,1842
73,1708
74,1602
75,1568
76,1664
77,1870
78,1970
79,2006
80,2024
81,2018
82,1922
83,1850
84,1956
85,2154
86,2276
87,2196
88,2066
89,2096
90,2150
91,2040
92,1588
93,1060
94,768
95,948
96,1294
97,1534
98,1584
99,1700
100,1946
101,2202
102,2396
103,2552
104,2692
105,2664
106,2548
107,2410
108,2452
109,2460
110,2162
111,1590
112,1080
113,806
114,842
115,952
116,1028
117,976
118,1070
119,1396
120,1792
121,1962
122,1994
123,2136
124,2540
125,2910
126,3014
127,2938
128,2894
129,2762
130,2348
131,1890
132,1716
133,1772
134,1694
135,1318
136,940
137,746
138,832
139,924
140,882
141,816
142,1060
143,1574
144,2190
145,2588
146,2680
147,2718
148,2882
149,3046
150,3050
151,2874
152,2694
153,2420
154,2060
155,1696
156,1456
157,1322
158,1022
159,684
160,486
161,454
162,482
163,508
164,684
165,886
166,1148
167,1482
168,1888
169,2394
170,2770
171,2986
172,3012
173,2882
174,2770
175,2708
176,2622
177,2426
178,2176
179,2098
180,2000
181,1858
182,1408
183,936
184,710
185,876
186,1292
187,1670
188,1802
189,1900
190,1996
191,2096
192,2010
193,1864
194,1840
195,2008
196,2288
197,2546
198,2566
199,2482
200,2270
201,1938
202,1560
203,1380
204,1470
205,1710
206,1892
207,1958
208,2038
209,2106
210,2084
211,1944
212,1818
213,1870
214,1994
215,2120
216,2178
217,2196
218,2096
219,1884
220,1648
221,1466
222,1506
223,1644
224,1700
225,1648
226,1612
227,1694
228,1852
229,1974
230,2066
231,2082
232,2116
233,2178
234,2244
235,2248
236,2186
237,2178
238,2208
239,2170
240,2016
241,1794
242,1646
243,1580
244,1568
245,1516
246,1566
247,1650
248,1724
249,1632
250,1496
251,1502
252,1622
253,1712
254,1684
255,1654
0,1780
1,2026
2,2182
3,2090
4,1892
5,1740
6,1736
7,1802
8,1778
9,1764
10,1802
11,1878
12,1938
13,1976
14,1836
15,1658
16,1540
17,1522
18,1474
19,1578
20,1750
21,1972
22,2122
23,2082
24,2028
25,2012
26,1978
27,1840
28,1766
29,1776
30,1888
31,1960
32,1994
33,1998
34,1832
35,1606
36,1434
37,1376
38,1530
39,1698
40,1836
41,1904
42,1946
43,1994
44,1974
45,1942
46,1908
47,1884
48,1932
49,1992
50,1932
51,1932
52,2014
53,2056
54,1946
55,1788
56,1838
57,1974
58,1902
59,1692
60,1568
61,1682
62,1846
63,1816
64,1742
65,1732
66,1916
67,2132
68,2214
69,2102
70,1852
71,1884
72,2046
73,2128
74,2040
75,1972
76,2086
77,2100
78,1980
79,1834
80,1926
81,2060
82,1970
83,1760
84,1698
85,1832
86,1986
87,2006
88,1922
89,1806
90,1738
91,1682
92,1634
93,1652
94,1670
95,1674
96,1678
97,1756
98,2004
99,2220
100,2276
101,2172
102,2068
103,2040
104,2150
105,2234
106,2188
107,2138
108,2192
109,2096
110,1942
111,1780
112,1618
113,1472
114,1484
115,1542
116,1572
117,1514
118,1438
119,1442
120,1426
121,1448
122,1516
123,1668
124,1816
125,1730
126,1652
127,1668
128,1760
129,1690
130,1702
131,1828
132,2018
133,2054
134,1960
135,1866
136,1844
137,1880
138,1912
139,1826
140,1662
141,1562
142,1632
143,1814
144,1902
145,1792
146,1702
147,1670
148,1618
149,1578
150,1640
151,1800
152,1878
153,1854
154,1844
155,1932
156,1986
157,1924
158,1884
159,1868
160,1966
161,2074
162,2186
163,2184
164,2044
165,1944
166,2030
167,2084
168,2038
169,1846
170,1680
171,1602
172,1546
173,1502
174,1582
175,1726
176,1694
177,1706
178,1834
179,2122
180,2270
181,2202
182,2076
183,2006
184,1956
185,1886
186,1978
187,2028
188,1922
189,1778
190,1752
191,1828
192,1858
193,1818
194,1798
195,1858
196,1970
197,2062
198,2208
199,2298
200,2260
201,2100
202,1938
203,1842
204,1754
205,1626
206,1604
207,1578
208,1584
209,1618
210,1666
211,1688
212,1592
213,1516
214,1640
215,1958
216,2120
217,2214
218,2248
219,2366
220,2454
221,2488
222,2376
223,2286
224,2194
225,2160
226,2036
227,1948
228,1750
229,1690
230,1590
231,1582
232,1592
233,1666
234,1704
235,1694
236,1706
237,1658
238,1726
239,1834
240,1910
241,1938
242,1930
243,1942
244,2002
245,2074
246,2064
247,1964
248,1860
249,1808
250,1680
251,1606
252,1560
253,1652
254,1722
255,1704
0,1698
1,1746
2,1778
3,1808
4,1816
5,1804
6,1800
7,1742
8,1668
9,1660
10,1666
11,1636
12,1562
13,1516
14,1550
15,1610
16,1608
17,1522
18,1576
19,1740
20,1866
21,1804
22,1712
23,1762
24,1908
25,1964
26,1980
27,2000
28,2110
29,2146
30,2158
31,2116
32,2108
33,2094
34,2044
35,1964
36,1802
37,1742
38,1820
39,2018
40,2080
41,2012
42,1958
43,1962
44,1928
45,1836
46,1818
47,1854
48,1932
49,1896
50,1838
51,1792
52,1786
53,1756
54,1684
55,1686
56,1854
57,2024
58,2114
59,2096
60,2058
61,2032
62,2068
63,2194
64,2328
65,2342
66,2202
67,1996
68,1888
69,1924
70,1890
71,1710
72,1552
73,1478
74,1526
75,1598
76,1604
77,1548
78,1578
79,1666
80,1780
81,1896
82,2008
83,2086
84,2138
85,2194
86,2262
87,2292
88,2228
89,2060
90,1926
91,1890
92,1902
93,1892
94,1832
95,1774
96,1784
97,1734
98,1712
99,1662
100,1718
101,1718
102,1746
103,1794
104,1888
105,1954
106,1950
107,1954
108,1894
109,1852
110,1832
111,1780
112,1736
113,1738
114,1764
115,1760
116,1742
117,1734
118,1730
119,1696
120,1700
121,1740
122,1734
123,1768
124,1786
125,1804
126,1856
127,1904
128,1888
129,1848
130,1806
131,1764
132,1710
133,1732
134,1738
135,1660
136,1574
137,1602
138,1710
139,1720
140,1636
141,1648
142,1766
143,1810
144,1734
145,1686
146,1758
147,1842
148,1900
149,1894
150,1926
151,2120
152,2268
153,2276
154,2272
155,2188
156,2126
157,2058
158,1994
159,1852
160,1762
161,1792
162,1842
163,1860
164,1754
165,1660
166,1574
167,1526
168,1460
169,1468
170,1618
171,1840
172,1950
173,2008
174,2050
175,2148
176,2218
177,2218
178,2094
179,1980
180,1996
181,2006
182,2076
183,2132
184,2114
185,2094
186,2010
187,1898
188,1820
189,1770
190,1758
191,1688
192,1674
193,1786
194,1940
195,1990
196,1922
197,1792
198,1822
199,1890
200,1936
201,1942
202,2018
203,2046
204,2048
205,1982
206,1992
207,1982
208,1944
209,1868
210,1812
211,1778
212,1744
213,1756
214,1748
215,1766
216,1764
217,1806
218,1892
219,1914
220,1866
221,1758
222,1638
223,1674
224,1722
225,1752
226,1788
227,1896
228,1986
229,2006
230,1994
231,1972
232,2004
233,2060
234,2110
235,2136
236,2114
237,2074
238,1948
239,1770
240,1608
241,1484
242,1394
243,1334
244,1406
245,1426
246,1444
247,1552
248,1636
249,1628
250,1644
251,1716
252,1876
253,1998
254,2174
255,2244
0,2264
1,2208
2,2108
3,1998
4,1874
5,1694
6,1632
7,1634
8,1688
9,1690
10,1672
11,1662
12,1664
13,1678
14,1656
15,1708
16,1864
17,1944
18,1968
19,2014
20,2066
21,2058
22,2034
23,1952
24,1910
25,1932
26,2004
27,2086
28,2116
29,2044
30,1986
31,2072
32,2116
33,2058
34,2010
35,1938
36,1858
37,1816
38,1828
39,1770
40,1746
41,1760
42,1850
43,1766
44,1736
45,1796
46,1802
47,1752
48,1788
49,1812
50,1920
51,2064
52,2142
53,2130
54,2196
55,2218
56,2152
57,2030
58,1966
59,1938
60,1904
61,1908
62,1848
63,1778
64,1754
65,1734
66,1636
67,1614
68,1622
69,1708
70,1750
71,1820
72,1936
73,2106
74,2126
75,2004
76,1936
77,1946
78,1880
79,1920
80,2026
81,2090
82,2134
83,2200
84,2212
85,2076
86,1902
87,1806
88,1824
89,1810
90,1780
91,1792
92,1726
93,1650
94,1608
95,1704
96,1774
97,1764
98,1726
99,1664
100,1762
101,1922
102,1950
103,1876
104,1804
105,1846
106,1916
107,1866
108,1936
109,1938
110,1810
111,1766
112,1804
113,1854
114,1864
115,1790
116,1666
117,1608
118,1632
119,1804
120,1830
121,1796
122,1688
123,1714
124,1824
125,1942
126,2010
127,1938
128,1900
129,1884
130,1942
131,1980
132,1976
133,1938
134,1816
135,1776
136,1830
137,1912
138,1896
139,1902
140,1792
141,1674
142,1732
143,1902
144,1972
145,1838
146,1764
147,1828
148,1992
149,2026
150,1988
151,2016
152,2076
153,2088
154,2116
155,2132
156,2064
157,1992
158,1940
159,1932
160,1940
161,1982
162,1928
163,1740
164,1694
165,1858
166,1836
167,1790
168,1832
169,1968
170,2022
171,2102
172,2110
173,2066
174,1964
175,1862
176,1814
177,1844
178,1872
179,1798
180,1860
181,1880
182,1860
183,1764
184,1780
185,1824
186,1784
187,1752
188,1782
189,1966
190,2122
191,2104
192,2104
193,2108
194,2066
195,1966
196,1964
197,1946
198,1810
199,1840
200,1922
201,1930
202,1874
203,1740
204,1674
205,1690
206,1734
207,1800
208,1894
209,1950
210,1934
211,1994
212,2086
213,2080
214,1974
215,1892
216,1888
217,1854
218,1814
219,1754
220,1760
221,1722
222,1600
223,1554
224,1584
225,1646
226,1670
227,1620
228,1660
229,1754
230,1854
231,1870
232,1928
233,1928
234,1930
235,1954
236,2060
237,2142
238,2132
239,1980
240,1888
241,1844
242,1840
243,1792
244,1728
245,1652
246,1660
247,1616
248,1628
249,1632
250,1548
251,1440
252,1518
253,1668
254,1724
255,1776
0,1948
1,2010
2,1934
3,1942
4,2030
5,2068
6,2000
7,1850
8,1836
9,1908
10,2006
11,2012
12,1946
13,1844
14,1696
15,1722
16,1752
17,1752
18,1666
19,1724
20,1804
21,1950
22,2088
23,2116
24,2062
25,2028
26,2100
27,2060
28,2054
29,2062
30,2012
31,1864
32,1856
33,1832
34,1780
35,1644
36,1572
37,1598
38,1708
39,1764
40,1832
41,1944
42,2014
43,2096
44,2038
45,2044
46,2064
47,2050
48,2062
49,2094
50,2136
51,2114
52,2082
53,2074
54,2046
55,1938
56,1868
57,1814
58,1830
59,1892
60,1944
61,1938
62,1968
63,1978
64,1954
65,1898
66,1884
67,1854
68,1886
69,1984
70,2052
71,1974
72,1924
73,1910
74,1856
75,1756
76,1734
77,1758
78,1720
79,1698
80,1596
81,1672
82,1826
83,1858
84,1842
85,1924
86,1998
87,2016
88,2024
89,1998
90,1954
91,1860
92,1808
93,1918
94,1952
95,1848
96,1820
97,1902
98,1870
99,1806
100,1812
101,1816
102,1870
103,1868
104,1886
105,2002
106,1984
107,1888
108,1784
109,1740
110,1762
111,1752
112,1778
113,1862
114,1890
115,1850
116,1834
117,1904
118,1934
119,1912
120,1926
121,1972
122,1976
123,1998
124,2044
125,1958
126,1864
127,1734
128,1750
129,1766
130,1668
131,1602
132,1702
133,1848
134,1832
135,1858
136,1908
137,1890
138,1876
139,1894
140,1888
141,1918
142,1970
143,1940
144,1890
145,1910
146,1914
147,1886
148,1822
149,1772
150,1890
151,1936
152,1898
153,1844
154,1850
155,1898
156,1928
157,1950
158,1976
159,2012
160,2008
161,2010
162,1970
163,1982
164,1984
165,2042
166,1978
167,1940
168,1928
169,1938
170,1986
171,1956
172,1872
173,1822
174,1892
175,1892
176,1868
177,1838
178,1798
179,1896
180,2014
181,1948
182,1908
183,1932
184,1930
185,1944
186,1996
187,1996
188,1928
189,1964
190,1968
191,1912
192,1958
193,1962
194,1880
195,1846
196,1788
197,1734
198,1706
199,1764
200,1826
201,1746
202,1768
203,1818
204,1882
205,1992
206,1972
207,1984
208,1972
209,2114
210,2178
211,2102
212,2034
213,1974
214,1924
215,1860
216,1842
217,1808
218,1774
219,1770
220,1758
221,1654
222,1674
223,1712
224,1716
225,1712
226,1788
227,1822
228,1792
229,1914
230,1958
231,1832
232,1772
233,1912
234,1944
235,1862
236,1724
237,1748
238,1792
239,1802
240,1806
241,1812
242,1832
243,1828
244,1902
245,1934
246,1976
247,1958
248,1954
249,2024
250,2098
251,1958
252,1860
253,1808
254,1804
255,1762
0,1694
1,1712
2,1744
3,1738
4,1664
5,1786
6,1826
7,1838
8,1834
9,1918
10,1968
11,1910
12,1824
13,1898
14,1978
15,1904
16,1858
17,1884
18,1922
19,1924
20,1938
21,1856
22,1824
23,1854
24,1940
25,1934
26,1912
27,1948
28,1934
29,1908
30,1908
31,2018
32,1906
33,1888
34,1932
35,2034
36,2032
37,1962
38,1928
39,1966
40,1866
41,1786
42,1798
43,1838
44,1842
45,1842
46,1790
47,1838
48,1962
49,1800
50,1780
51,1872
52,1864
53,1766
54,1832
55,1962
56,1892
57,1852
58,1928
59,1948
60,1968
61,1832
62,1822
63,1890
64,1958
65,1870
66,1888
67,1964
68,1952
69,1840
70,1810
71,1900
72,1906
73,1814
74,1792
75,1740
76,1776
77,1806
78,1832
79,1758
80,1742
81,1816
82,1824
83,1838
84,1848
85,1810
86,1716
87,1818
88,1900
89,1828
90,1878
91,1888
92,1776
93,1664
94,1740
95,1794
96,1728
97,1748
98,1842
99,1856
100,1824
101,1888
102,1976
103,1884
104,1736
105,1810
106,1882
107,1818
108,1768
109,1732
110,1776
111,1786
112,1722
113,1620
114,1694
115,1748
116,1744
117,1708
118,1766
119,1898
120,1958
121,1948
122,1944
123,1974
124,1872
125,1866
126,1914
127,1892
128,1866
129,1830
130,1738
131,1708
132,1748
133,1720
134,1662
135,1642
136,1612
137,1650
138,1732
139,1730
140,1772
141,1764
142,1848
143,1906
144,1950
145,1918
146,1898
147,1844
148,1858
149,1878
150,1844
151,1880
152,1944
153,1922
154,1790
155,1702
156,1758
157,1770
158,1788
159,1768
160,1764
161,1796
162,1812
163,1846
164,1798
165,1814
166,1846
167,1854
168,1832
169,1886
170,1950
171,1978
172,1898
173,1928
174,1906
175,1868
176,1920
177,2012
178,2002
179,1998
180,1984
181,1922
182,1960
183,1904
184,1928
185,1776
186,1656
187,1666
188,1784
189,1746
190,1678
191,1724
192,1744
193,1750
194,1778
195,1854
196,1842
197,1880
198,1954
199,1970
200,2028
201,2052
202,2026
203,1956
204,1914
205,1834
206,1718
207,1724
208,1684
209,1620
210,1632
211,1780
212,1778
213,1676
214,1716
215,1818
216,1698
217,1666
218,1794
219,1844
220,1804
221,1826
222,1912
223,1988
224,2002
225,1866
226,1832
227,1926
228,1930
229,1822
230,1784
231,1916
232,1878
233,1796
234,1850
235,1830
236,1762
237,1782
238,1854
239,1870
240,1876
241,1842
242,1910
243,1958
244,1924
245,1910
246,1934
247,2026
248,2074
249,2038
250,1974
251,1942
252,1922
253,1880
254,1868
255,1868
0,1792
1,1706
2,1692
3,1764
4,1754
5,1882
6,1888
7,1970
8,1986
9,2054
10,2036
11,2070
12,2052
13,1960
14,1928
15,1944
16,1860
17,1714
18,1752
19,1782
20,1808
21,1692
22,1726
23,1744
24,1742
25,1774
26,1850
27,1840
28,1856
29,1940
30,1988
31,1944
32,1988
33,2032
34,2012
35,2060
36,2042
37,1928
38,1944
39,1974
40,1928
41,1812
42,1858
43,1866
44,1826
45,1814
46,1874
47,1874
48,1856
49,1856
50,1820
51,1796
52,1902
53,1902
54,1872
55,1930
56,2058
57,2034
58,2008
59,1974
60,1900
61,1832
62,1782
63,1822
64,1784
65,1820
66,1846
67,1892
68,1900
69,1902
70,1826
71,1816
72,1910
73,1908
74,1910
75,1962
76,2010
77,1914
78,1902
79,1990
80,1894
81,1814
82,1884
83,1938
84,1872
85,1808
86,1834
87,1864
88,1838
89,1782
90,1782
91,1836
92,1932
93,1850
94,1770
95,1954
96,2100
97,1944
98,1782
99,1926
100,2020
101,1884
102,1798
103,1916
104,1908
105,1888
106,1810
107,1892
108,1900
109,1866
110,1832
111,1862
112,1926
113,1822
114,1694
115,1690
116,1816
117,1732
118,1704
119,1806
120,1966
121,1916
122,1858
123,1938
124,2046
125,1988
126,1916
127,2002
128,2066
129,2090
130,2034
131,1972
132,1970
133,1956
134,1988
135,1868
136,1868
137,1932
138,1932
139,1858
140,1804
141,1854
142,1802
143,1720
144,1756
145,1856
146,1856
147,1768
148,1890
149,2002
150,2010
151,1938
152,1940
153,1994
154,1952
155,1960
156,1926
157,1908
158,1838
159,1826
160,1864
161,1890
162,1886
163,1870
164,1858
165,1864
166,1936
167,1968
168,1930
169,1924
170,1888
171,1902
172,1950
173,2014
174,1952
175,1886
176,1970
177,2014
178,1888
179,1822
180,1868
181,1920
182,1844
183,1836
184,1832
185,1736
186,1702
187,1768
188,1800
189,1788
190,1754
191,1846
192,1888
193,1906
194,1886
195,1914
196,1918
197,1862
198,1868
199,1904
200,1926
201,1872
202,1906
203,1898
204,1964
205,1918
206,1848
207,1866
208,1904
209,1860
210,1840
211,1888
212,1888
213,1858
214,1864
215,1904
216,1906
217,1810
218,1798
219,1900
220,1884
221,1822
222,1884
223,1904
224,1922
225,1880
226,1878
227,1898
228,1914
229,1866
230,1862
231,1934
232,1950
233,1876
234,1814
235,1882
236,1926
237,1864
238,1778
239,1886
240,1880
241,1816
242,1832
243,1846
244,1764
245,1676
246,1692
247,1780
248,1772
249,1784
250,1818
251,1934
252,1988
253,1892
254,1928
255,1988
0,2032
1,2012
2,2008
3,1980
4,1944
5,1880
6,1826
7,1832
8,1832
9,1748
10,1728
11,1748
12,1812
13,1730
14,1650
15,1754
16,1848
17,1792
18,1754
19,1892
20,1964
21,1898
22,1966
23,1996
24,1884
25,1852
26,1962
27,1926
28,1904
29,1924
30,1874
31,1792
32,1830
33,1826
34,1802
35,1730
36,1766
37,1768
38,1756
39,1776
40,1764
41,1810
42,1784
43,1864
44,1936
45,1998
46,1936
47,2022
48,2036
49,1994
50,1912
51,1864
52,1840
53,1894
54,1838
55,1706
56,1704
57,1708
58,1720
59,1724
60,1772
61,1888
62,1864
63,1866
64,1946
65,2040
66,2022
67,1922
68,1858
69,1854
70,1922
71,1944
72,1970
73,1954
74,1958
75,1938
76,1924
77,1874
78,1864
79,1794
80,1798
81,1900
82,1948
83,1852
84,1776
85,1858
86,1898
87,1842
88,1836
89,1876
90,1874
91,1878
92,1974
93,1970
94,1890
95,1878
96,1918
97,1924
98,1856
99,1796
100,1786
101,1816
102,1788
103,1808
104,1846
105,1820
106,1826
107,1832
108,1844
109,1884
110,1944
111,1954
112,1920
113,1958
114,1962
115,1948
116,1908
117,1944
118,2042
119,1998
120,1916
121,1940
122,1984
123,2028
124,1892
125,1862
126,1898
127,1898
128,1798
129,1810
130,1864
131,1870
132,1762
133,1760
134,1864
135,1886
136,1878
137,1814
138,1840
139,1958
140,1984
141,1884
142,1884
143,1900
144,1910
145,1812
146,1870
147,1952
148,1874
149,1812
150,1826
151,1898
152,1840
153,1782
154,1766
155,1812
156,1880
157,1928
158,1940
159,1956
160,2002
161,1932
162,1912
163,1852
164,1932
165,2000
166,1928
167,1948
168,2040
169,1978
170,1832
171,1856
172,1942
173,1888
174,1770
175,1774
176,1832
177,1830
178,1766
179,1746
180,1776
181,1798
182,1790
183,1844
184,1846
185,1830
186,1838
187,1928
188,1922
189,1922
190,1996
191,1990
192,1974
193,1988
194,1994
195,1936
196,1870
197,1804
198,1856
199,1834
200,1854
201,1882
202,1952
203,1894
204,1860
205,1906
206,1850
207,1816
208,1866
209,1894
210,1904
211,1920
212,2030
213,2040
214,1966
215,1994
216,2068
217,1980
218,1938
219,1918
220,1922
221,1926
222,1866
223,1838
224,1842
225,1838
226,1864
227,1968
228,1932
229,1958
230,2040
231,2042
232,1932
233,1938
234,2000
235,1962
236,1922
237,1910
238,1940
239,1964
240,1932
241,1886
242,1926
243,1970
244,1928
245,1862
246,1884
247,1918
248,1872
249,1780
250,1816
251,1926
252,1910
253,1900
254,1822
255,1822
0,1824
1,1796
2,1798
3,1916
4,1926
5,1868
6,1870
7,1966
8,1902
9,1818
10,1888
11,1950
12,1884
13,1878
14,1990
15,1998
16,1956
17,1950
18,1890
19,1948
20,1898
21,1836
22,1784
23,1854
24,1886
25,1838
26,1722
27,1772
28,1782
29,1736
30,1684
31,1820
32,1858
33,1778
34,1834
35,1948
36,1976
37,1870
38,1880
39,1892
40,1890
41,1870
42,1812
43,1816
44,1842
45,1816
46,1810
47,1762
48,1848
49,1868
50,1824
51,1794
52,1818
53,1784
54,1804
55,1784
56,1842
57,1854
58,1918
59,1868
60,1894
61,1914
62,1914
63,1870
64,1814
65,1852
66,1906
67,1902
68,1828
69,1802
70,1852
71,1840
72,1782
73,1842
74,1910
75,1834
76,1788
77,1822
78,1798
79,1716
80,1736
81,1780
82,1860
83,1884
84,1972
85,2026
86,1960
87,1838
88,1834
89,1870
90,1896
91,1858
92,1858
93,1886
94,1976
95,1902
96,1878
97,1972
98,2064
99,1920
100,1888
101,2030
102,2004
103,1876
104,1932
105,1972
106,1946
107,1856
108,1860
109,1898
110,1734
111,1692
112,1760
113,1756
114,1700
115,1726
116,1754
117,1738
118,1708
119,1742
120,1814
121,1874
122,1844
123,1908
124,1958
125,1986
126,1930
127,1942
128,1916
129,1856
130,1856
131,1874
132,1818
133,1822
134,1830
135,1832
136,1792
137,1832
138,1836
139,1832
140,1760
141,1682
142,1764
143,1804
144,1800
145,1744
146,1854
147,1952
148,1912
149,1836
150,1836
151,2006
152,1930
153,1782
154,1846
155,2004
156,1872
157,1852
158,1946
159,1898
160,1826
161,1776
162,1816
163,1782
164,1754
165,1724
166,1690
167,1720
168,1742
169,1742
170,1712
171,1754
172,1784
173,1812
174,1802
175,1876
176,1886
177,1882
178,1892
179,1908
180,1968
181,1934
182,1900
183,1938
184,1932
185,1860
186,1858
187,1836
188,1864
189,1784
190,1666
191,1688
192,1722
193,1728
194,1636
195,1794
196,1898
197,1898
198,1872
199,1908
200,1962
201,1938
202,1936
203,1916
204,1914
205,1888
206,1934
207,1904
208,1894
209,1856
210,1884
211,1808
212,1830
213,1828
214,1876
215,1866
216,1880
217,1924
218,1980
219,1958
220,1874
221,1840
222,1912
223,1878
224,1852
225,1868
226,1952
227,1942
228,1942
229,1946
230,1924
231,1982
232,1962
233,1948
234,1904
235,1884
236,1856
237,1848
238,1870
239,1858
240,1844
241,1862
242,1828
243,1814
244,1886
245,1828
246,1844
247,1878
248,1920
249,1906
250,1900
251,1964
252,1896
253,1918
254,1930
255,1962
0,1882
1,1926
2,1964
3,1932
4,1814
5,1954
6,1978
7,1828
8,1742
9,1852
10,1904
11,1742
12,1746
13,1884
14,1836
15,1822
16,1824
17,1810
18,1776
19,1784
20,1844
21,1840
22,1874
23,1884
24,1868
25,1848
26,1872
27,1884
28,1824
29,1802
30,1886
31,1946
32,1916
33,1896
34,1954
35,1892
36,1804
37,1750
38,1896
39,1886
40,1784
41,1754
42,1896
43,1886
44,1804
45,1800
46,1892
47,1928
48,1886
49,1874
50,1930
51,1918
52,1880
53,1858
54,1824
55,1874
56,1944
57,1818
58,1838
59,1950
60,1956
61,1848
62,1830
63,1974
64,1926
65,1740
66,1822
67,1868
68,1762
69,1706
70,1798
71,1786
72,1780
73,1860
74,1912
75,1866
76,1884
77,1806
78,1804
79,1762
80,1776
81,1794
82,1798
83,1808
84,1798
85,1808
86,1800
87,1906
88,1876
89,1870
90,1898
91,1932
92,1948
93,1928
94,1996
95,1952
96,1924
97,1914
98,1930
99,1914
100,1840
101,1870
102,1844
103,1886
104,1870
105,1888
106,1968
107,1988
108,1860
109,1820
110,1858
111,1896
112,1858
113,1802
114,1878
115,1910
116,1924
117,1902
118,1928
119,1948
120,1954
121,1876
122,1860
123,1878
124,1838
125,1786
126,1698
127,1688
128,1660
129,1634
130,1730
131,1814
132,1796
133,1846
134,1936
135,1962
136,1950
137,1946
138,1970
139,1968
140,1942
141,1978
142,1928
143,1872
144,1880
145,1910
146,1822
147,1890
148,1900
149,1904
150,1878
151,1876
152,1826
153,1786
154,1768
155,1688
156,1688
157,1718
158,1794
159,1730
160,1692
161,1830
162,1826
163,1744
164,1716
165,1830
166,1906
167,1886
168,1852
169,1864
170,1874
171,1870
172,1808
173,1824
174,1876
175,1816
176,1792
177,1798
178,1766
179,1818
180,1810
181,1812
182,1876
183,1956
184,1952
185,1926
186,1986
187,2014
188,1904
189,1838
190,1844
191,1854
192,1876
193,1848
194,1874
195,1906
196,1856
197,1732
198,1760
199,1770
200,1742
201,1716
202,1720
203,1780
204,1722
205,1704
206,1680
207,1724
208,1786
209,1768
210,1814
211,1922
212,1906
213,1820
214,1892
215,1980
216,1930
217,1910
218,1970
219,1966
220,1964
221,1972
222,1988
223,1968
224,1872
225,1772
226,1752
227,1788
228,1798
229,1774
230,1780
231,1824
232,1832
233,1768
234,1758
235,1784
236,1830
237,1820
238,1806
239,1854
240,1866
241,1818
242,1856
243,1886
244,1868
245,1874
246,1880
247,1888
248,1826
249,1812
250,1814
251,1820
252,1790
253,1876
254,1910
255,1884
0,1834
1,1844
2,1798
3,1802
4,1780
5,1802
6,1846
7,1858
8,1906
9,1904
10,1866
11,1876
12,1842
13,1828
14,1862
15,1926
16,1886
17,1832
18,1822
19,1848
20,1800
21,1796
22,1810
23,1846
24,1806
25,1886
26,1912
27,1740
28,1704
29,1856
30,1838
31,1728
32,1780
33,1902
34,1828
35,1784
36,1818
37,1854
38,1818
39,1782
40,1894
41,1940
42,1870
43,1922
44,1936
45,1868
46,1832
47,1888
48,1816
49,1818
50,1864
51,1848
52,1772
53,1812
54,1850
55,1838
56,1830
57,1864
58,1862
59,1788
60,1796
61,1780
62,1778
63,1820
64,1810
65,1848
66,1878
67,1854
68,1822
69,1854
70,1774
71,1732
72,1788
73,1774
74,1776
75,1844
76,1880
77,1842
78,1826
79,1910
80,1856
81,1778
82,1828
83,1918
84,1860
85,1832
86,1892
87,1936
88,1862
89,1894
90,1960
91,1892
92,1882
93,1900
94,1922
95,1832
96,1798
97,1902
98,1914
99,1828
100,1846
101,1850
102,1804
103,1796
104,1784
105,1788
106,1776
107,1796
108,1802
109,1802
110,1840
111,1894
112,1850
113,1824
114,1880
115,1914
116,1852
117,1800
118,1886
119,1850
120,1848
121,1884
122,1888
123,1912
124,1832
125,1866
126,1904
127,1918
128,1852
129,1800
130,1898
131,1900
132,1844
133,1782
134,1878
135,1924
136,1854
137,1860
138,1880
139,1848
140,1852
141,1880
142,1884
143,1882
144,1880
145,1874
146,1828
147,1838
148,1812
149,1840
150,1786
151,1800
152,1798
153,1810
154,1840
155,1848
156,1808
157,1850
158,1898
159,1866
160,1862
161,1872
162,1942
163,1916
164,1834
165,1778
166,1842
167,1812
168,1694
169,1722
170,1832
171,1832
172,1820
173,1864
174,1900
175,1874
176,1894
177,1878
178,1834
179,1850
180,1894
181,1838
182,1844
183,1910
184,1894
185,1838
186,1832
187,1868
188,1824
189,1814
190,1804
191,1828
192,1862
193,1860
194,1848
195,1896
196,1918
197,1836
198,1874
199,1882
200,1864
201,1876
202,1880
203,1840
204,1808
205,1848
206,1854
207,1804
208,1780
209,1860
210,1856
211,1786
212,1822
213,1842
214,1750
215,1734
216,1738
217,1806
218,1728
219,1704
220,1758
221,1766
222,1760
223,1744
224,1714
225,1692
226,1810
227,1810
228,1778
229,1862
230,1938
231,1916
232,1916
233,1988
234,1950
235,1928
236,1926
237,1952
238,1950
239,1932
240,1906
241,1938
242,1882
243,1950
244,1886
245,1838
246,1852
247,1908
248,1856
249,1780
250,1874
251,1904
252,1784
253,1798
254,1952
255,1972
0,1858
1,1866
2,1986
3,1916
4,1796
5,1834
6,1874
7,1758
8,1782
9,1766
10,1766
11,1738
12,1726
13,1722
14,1794
15,1874
16,1830
17,1804
18,1828
19,1894
20,1828
21,1768
22,1804
23,1794
24,1780
25,1784
26,1780
27,1810
28,1776
29,1738
30,1810
31,1866
32,1778
33,1746
34,1822
35,1818
36,1764
37,1668
38,1726
39,1752
40,1714
41,1700
42,1762
43,1782
44,1744
45,1784
46,1776
47,1804
48,1856
49,1840
50,1808
51,1860
52,1810
53,1798
54,1806
55,1822
56,1828
57,1798
58,1816
59,1842
60,1852
61,1860
62,1836
63,1842
64,1816
65,1846
66,1812
67,1736
68,1764
69,1782
70,1722
71,1694
72,1752
73,1752
74,1750
75,1744
76,1680
77,1654
78,1750
79,1806
80,1794
81,1796
82,1932
83,1912
84,1818
85,1776
86,1814
87,1826
88,1672
89,1698
90,1732
91,1750
92,1704
93,1732
94,1822
95,1794
96,1784
97,1820
98,1796
99,1782
100,1760
101,1790
102,1734
103,1760
104,1778
105,1746
106,1756
107,1782
108,1816
109,1786
110,1870
111,1956
112,1896
113,1896
114,1936
115,1940
116,1828
117,1734
118,1818
119,1830
120,1754
121,1748
122,1782
123,1744
124,1740
125,1746
126,1752
127,1770
128,1834
129,1844
130,1810
131,1822
132,1784
133,1742
134,1754
135,1776
136,1764
137,1796
138,1826
139,1832
140,1814
141,1780
142,1828
143,1840
144,1796
145,1792
146,1776
147,1786
148,1808
149,1782
150,1820
151,1828
152,1792
153,1814
154,1834
155,1812
156,1818
157,1804
158,1844
159,1852
160,1856
161,1856
162,1868
163,1792
164,1774
165,1802
166,1708
167,1714
168,1780
169,1798
170,1758
171,1762
172,1794
173,1756
174,1732
175,1772
176,1778
177,1780
178,1758
179,1792
180,1788
181,1804
182,1830
183,1834
184,1774
185,1826
186,1854
187,1794
188,1790
189,1866
190,1882
191,1786
192,1808
193,1844
194,1878
195,1824
196,1796
197,1860
198,1896
199,1856
200,1846
201,1868
202,1856
203,1816
204,1826
205,1836
206,1818
207,1774
208,1760
209,1778
210,1794
211,1824
212,1866
213,1832
214,1816
215,1876
216,1870
217,1792
218,1810
219,1934
220,1898
221,1856
222,1894
223,1980
224,1858
225,1886
226,1960
227,1922
228,1892
229,1898
230,1980
231,1888
232,1854
233,1882
234,1872
235,1830
236,1878
237,1890
238,1790
239,1862
240,1870
241,1790
242,1762
243,1864
244,1866
245,1820
246,1830
247,1870
248,1854
249,1840
250,1826
251,1898
252,1874
253,1862
254,1862
255,1874
0,1886
1,1864
2,1826
3,1908
4,1870
5,1870
6,1892
7,1876
8,1858
9,1914
10,1936
11,1946
12,1972
13,2044
14,2064
15,2010
16,2050
17,2050
18,1946
19,1896
20,1938
21,1968
22,1866
23,1854
24,1910
25,1890
26,1802
27,1802
28,1838
29,1828
30,1802
31,1732
32,1794
33,1794
34,1784
35,1774
36,1844
37,1890
38,1896
39,1882
40,1926
41,1960
42,1908
43,1902
44,1864
45,1850
46,1868
47,1876
48,1856
49,1886
50,1902
51,1892
52,1878
53,1904
54,1892
55,1840
56,1780
57,1812
58,1770
59,1774
60,1766
61,1816
62,1866
63,1892
64,1896
65,1900
66,1918
67,1890
68,1872
69,1900
70,1906
71,1872
72,1872
73,1884
74,1906
75,1890
76,1868
77,1906
78,1902
79,1860
80,1828
81,1858
82,1906
83,1874
84,1846
85,1930
86,1952
87,1930
88,1918
89,1924
90,1918
91,1926
92,1908
93,1872
94,1844
95,1864
96,1816
97,1778
98,1818
99,1798
100,1828
101,1786
102,1816
103,1852
104,1846
105,1798
106,1846
107,1860
108,1834
109,1816
110,1838
111,1878
112,1846
113,1842
114,1888
115,1894
116,1894
117,1922
118,1918
119,1952
120,1988
121,1958
122,1910
123,1924
124,1904
125,1884
126,1836
127,1902
128,1936
129,1876
130,1906
131,1960
132,1948
133,1890
134,1926
135,1924
136,1944
137,1924
138,1876
139,1884
140,1872
141,1860
142,1882
143,1898
144,1912
145,1872
146,1860
147,1888
148,1872
149,1894
150,1916
151,1944
152,1974
153,1986
154,1954
155,1928
156,1944
157,1920
158,1904
159,1896
160,1950
161,1970
162,1884
163,1868
164,1872
165,1858
166,1810
167,1832
168,1848
169,1864
170,1844
171,1810
172,1816
173,1780
174,1766
175,1782
176,1768
177,1802
178,1840
179,1838
180,1812
181,1836
182,1842
183,1824
184,1796
185,1872
186,1898
187,1862
188,1892
189,1954
190,1962
191,1924
192,1932
193,1992
194,1978
195,1940
196,1912
197,1924
198,1886
199,1854
200,1856
201,1804
202,1844
203,1830
204,1840
205,1858
206,1806
207,1864
208,1860
209,1824
210,1828
211,1828
212,1810
213,1788
214,1804
215,1796
216,1736
217,1736
218,1708
219,1730
220,1734
221,1782
222,1846
223,1864
224,1882
225,1916
226,1912
227,1844
228,1826
229,1846
230,1834
231,1838
232,1888
233,1940
234,1924
235,1932
236,1946
237,1914
238,1918
239,1940
240,1926
241,1910
242,1900
243,1918
244,1866
245,1862
246,1872
247,1872
248,1874
249,1778
250,1814
251,1806
252,1750
253,1730
254,1750
255,1786
0,1810
1,1766
2,1810
3,1860
4,1890
5,1904
6,1892
7,1912
8,1948
9,1920
10,1868
11,1866
12,1888
13,1842
14,1822
15,1824
16,1804
17,1824
18,1824
19,1838
20,1874
21,1872
22,1884
23,1904
24,1912
25,1888
26,1894
27,1898
28,1840
29,1796
30,1828
31,1840
32,1822
33,1848
34,1858
35,1844
36,1864
37,1844
38,1874
39,1828
40,1866
41,1880
42,1872
43,1882
44,1880
45,1932
46,1906
47,1910
48,1938
49,1924
50,1918
51,1876
52,1882
53,1916
54,1866
55,1870
56,1898
57,1878
58,1912
59,1902
60,1924
61,1930
62,1932
63,1822
64,1720
65,1664
66,1744
67,1776
68,1744
69,1760
70,1868
71,1884
72,1882
73,1880
74,1782
75,1742
76,1700
77,1714
78,1760
79,1726
80,1800
81,1818
82,1848
83,1848
84,1852
85,1822
86,1848
87,1880
88,1894
89,1872
90,1872
91,1858
92,1882
93,1858
94,1864
95,1848
96,1818
97,1796
98,1790
99,1758
100,1754
101,1782
102,1862
103,1912
104,1930
105,1922
106,1902
107,1924
108,1896
109,1872
110,1822
111,1838
112,1840
113,1876
114,1902
115,1874
116,1814
117,1768
118,1844
119,1848
120,1842
121,1836
122,1836
123,1880
124,1912
125,1898
126,1906
127,1860
128,1818
129,1828
130,1774
131,1764
132,1800
133,1870
134,1884
135,1952
136,1998
137,1946
138,1894
139,1814
140,1862
141,1846
142,1828
143,1770
144,1758
145,1738
146,1774
147,1844
148,1938
149,1878
150,1892
151,1910
152,1878
153,1850
154,1852
155,1842
156,1852
157,1808
158,1848
159,1896
160,1900
161,1918
162,1884
163,1878
164,1868
165,1822
166,1776
167,1822
168,1878
169,1888
170,1824
171,1772
172,1786
173,1810
174,1810
175,1892
176,1900
177,1890
178,1860
179,1838
180,1848
181,1864
182,1794
183,1768
184,1818
185,1818
186,1830
187,1792
188,1828
189,1886
190,1902
191,1848
192,1840
193,1772
194,1750
195,1774
196,1850
197,1844
198,1826
199,1820
200,1910
201,1976
202,1876
203,1762
204,1726
205,1800
206,1818
207,1868
208,1884
209,1932
210,1906
211,1828
212,1790
213,1800
214,1768
215,1750
216,1782
217,1904
218,1890
219,1846
220,1812
221,1784
222,1832
223,1778
224,1768
225,1768
226,1816
227,1876
228,1916
229,1916
230,1896
231,1868
232,1852
233,1780
234,1744
235,1746
236,1766
237,1786
238,1870
239,1898
240,1886
241,1846
242,1788
243,1750
244,1800
245,1814
246,1816
247,1794
248,1794
249,1868
250,1980
251,1970
252,1910
253,1854
254,1824
255,1840
0,1878
1,1914
2,1924
3,1904
4,1904
5,1856
6,1824
7,1830
8,1822
9,1820
10,1846
11,1878
12,1852
13,1872
14,1852
15,1868
16,1832
17,1814
18,1794
19,1806
20,1776
21,1808
22,1848
23,1904
24,1878
25,1880
26,1870
27,1866
28,1910
29,1856
30,1846
31,1836
32,1836
33,1866
34,1856
35,1820
36,1826
37,1820
38,1812
39,1836
40,1846
41,1874
42,1874
43,1880
44,1854
45,1836
46,1826
47,1784
48,1762
49,1800
50,1806
51,1802
52,1834
53,1898
54,1876
55,1894
56,1904
57,1860
58,1778
59,1778
60,1790
61,1788
62,1822
63,1818
64,1852
65,1868
66,1924
67,1902
68,1922
69,1868
70,1896
71,1852
72,1892
73,1896
74,1882
75,1882
76,1876
77,1864
78,1846
79,1840
80,1856
81,1886
82,1864
83,1846
84,1878
85,1898
86,1864
87,1816
88,1768
89,1768
90,1766
91,1796
92,1798
93,1828
94,1842
95,1832
96,1806
97,1780
98,1778
99,1778
100,1784
101,1816
102,1824
103,1826
104,1880
105,1898
106,1928
107,1906
108,1890
109,1914
110,1926
111,1926
112,1936
113,1876
114,1876
115,1898
116,1882
117,1916
118,1946
119,1984
120,1970
121,1962
122,1904
123,1884
124,1886
125,1894
126,1900
127,1890
128,1878
129,1840
130,1846
131,1846
132,1824
133,1780
134,1784
135,1800
136,1796
137,1844
138,1866
139,1906
140,1898
141,1900
142,1930
143,1894
144,1786
145,1766
146,1768
147,1782
148,1788
149,1824
150,1866
151,1910
152,1910
153,1886
154,1840
155,1794
156,1794
157,1852
158,1942
159,2020
160,2046
161,2010
162,1982
163,1910
164,1822
165,1762
166,1758
167,1774
168,1840
169,1884
170,1908
171,1876
172,1866
173,1866
174,1858
175,1836
176,1854
177,1858
178,1840
179,1840
180,1844
181,1856
182,1856
183,1866
184,1822
185,1852
186,1854
187,1892
188,1906
189,1902
190,1908
191,1902
192,1922
193,1964
194,1960
195,1958
196,1918
197,1858
198,1864
199,1806
200,1796
201,1780
202,1802
203,1822
204,1850
205,1850
206,1874
207,1864
208,1816
209,1816
210,1824
211,1814
212,1810
213,1862
214,1866
215,1912
216,1892
217,1856
218,1800
219,1820
220,1852
221,1872
222,1876
223,1910
224,1916
225,1942
226,1942
227,1896
228,1878
229,1944
230,1986
231,1984
232,1848
233,1776
234,1764
235,1772
236,1746
237,1750
238,1784
239,1846
240,1906
241,1930
242,1948
243,1920
244,1894
245,1846
246,1834
247,1840
248,1836
249,1834
250,1852
251,1864
252,1852
253,1860
254,1848
255,1818
0,1826
1,1818
2,1810
3,1816
4,1866
5,1896
6,1886
7,1844
8,1878
9,1862
10,1826
11,1888
12,1896
13,1854
14,1878
15,1884
16,1894
17,1834
18,1840
19,1862
20,1858
21,1896
22,1912
23,1898
24,1884
25,1868
26,1862
27,1840
28,1842
29,1832
30,1842
31,1840
32,1814
33,1882
34,1914
35,1942
36,1916
37,1896
38,1870
39,1904
40,1900
41,1906
42,1834
43,1848
44,1850
45,1818
46,1808
47,1836
48,1852
49,1846
50,1830
51,1736
52,1784
53,1804
54,1816
55,1832
56,1834
57,1874
58,1888
59,1874
60,1872
61,1874
62,1888
63,1846
64,1856
65,1864
66,1918
67,1902
68,1924
69,1900
70,1888
71,1834
72,1770
73,1770
74,1788
75,1798
76,1828
77,1788
78,1844
79,1876
80,1846
81,1812
82,1798
83,1826
84,1838
85,1816
86,1804
87,1806
88,1786
89,1786
90,1798
91,1774
92,1790
93,1822
94,1880
95,1888
96,1912
97,1922
98,1898
99,1830
100,1808
101,1800
102,1776
103,1756
104,1766
105,1760
106,1742
107,1812
108,1792
109,1786
110,1732
111,1770
112,1772
113,1706
114,1670
115,1688
116,1770
117,1798
118,1840
119,1830
120,1832
121,1850
122,1836
123,1826
124,1842
125,1874
126,1870
127,1904
128,1946
129,1976
130,1950
131,1864
132,1826
133,1806
134,1772
135,1768
136,1742
137,1722
138,1700
139,1764
140,1768
141,1772
142,1794
143,1792
144,1820
145,1770
146,1760
147,1826
148,1882
149,1896
150,1912
151,1916
152,1906
153,1950
154,1924
155,1884
156,1894
157,1872
158,1900
159,1898
160,1920
161,1914
162,1906
163,1828
164,1796
165,1750
166,1754
167,1758
168,1820
169,1790
170,1740
171,1724
172,1746
173,1802
174,1842
175,1882
176,1916
177,1952
178,1948
179,1952
180,1944
181,1894
182,1872
183,1862
184,1852
185,1854
186,1898
187,1902
188,1868
189,1882
190,1868
191,1814
192,1770
193,1744
194,1764
195,1834
196,1848
197,1840
198,1816
199,1828
200,1808
201,1742
202,1710
203,1790
204,1834
205,1818
206,1862
207,1864
208,1846
209,1800
210,1784
211,1776
212,1752
213,1764
214,1778
215,1808
216,1806
217,1820
218,1824
219,1810
220,1768
221,1736
222,1694
223,1696
224,1724
225,1684
226,1706
227,1778
228,1800
229,1824
230,1844
231,1806
232,1786
233,1770
234,1790
235,1768
236,1778
237,1800
238,1794
239,1836
240,1846
241,1810
242,1780
243,1808
244,1842
245,1856
246,1780
247,1838
248,1856
249,1818
250,1796
251,1782
252,1776
253,1740
254,1722
255,1734
0,1764
1,1792
2,1778
3,1830
4,1828
5,1862
6,1874
7,1848
8,1784
9,1758
10,1724
11,1702
12,1742
13,1774
14,1826
15,1818
16,1858
17,1900
18,1906
19,1892
20,1894
21,1936
22,1858
23,1846
24,1866
25,1852
26,1786
27,1724
28,1742
29,1738
30,1744
31,1782
32,1764
33,1794
34,1876
35,1922
36,1868
37,1808
38,1844
39,1850
40,1804
41,1838
42,1874
43,1876
44,1890
45,1916
46,1934
47,1930
48,1970
49,1980
50,1934
51,1942
52,1898
53,1836
54,1782
55,1812
56,1810
57,1770
58,1822
59,1876
60,1852
61,1844
62,1860
63,1824
64,1768
65,1762
66,1852
67,1888
68,1878
69,1852
70,1814
71,1804
72,1780
73,1796
74,1776
75,1820
76,1866
77,1894
78,1896
79,1908
80,1870
81,1900
82,1902
83,1898
84,1912
85,1894
86,1896
87,1866
88,1874
89,1820
90,1862
91,1878
92,1864
93,1852
94,1856
95,1840
96,1820
97,1786
98,1808
99,1850
100,1804
101,1780
102,1752
103,1756
104,1758
105,1766
106,1796
107,1788
108,1810
109,1806
110,1808
111,1846
112,1806
113,1830
114,1770
115,1778
116,1820
117,1808
118,1794
119,1802
120,1846
121,1866
122,1890
123,1860
124,1892
125,1876
126,1828
127,1802
128,1794
129,1834
130,1868
131,1862
132,1836
133,1824
134,1824
135,1800
136,1812
137,1818
138,1788
139,1788
140,1800
141,1838
142,1852
143,1858
144,1874
145,1874
146,1858
147,1900
148,1898
149,1888
150,1850
151,1830
152,1816
153,1860
154,1818
155,1810
156,1792
157,1842
158,1852
159,1822
160,1874
161,1904
162,1940
163,1956
164,1988
165,1962
166,1928
167,1940
168,1880
169,1866
170,1840
171,1822
172,1814
173,1810
174,1804
175,1838
176,1820
177,1880
178,1922
179,1914
180,1940
181,1930
182,1966
183,1956
184,1912
185,1934
186,1894
187,1922
188,1874
189,1886
190,1858
191,1894
192,1946
193,1904
194,1900
195,1916
196,1914
197,1818
198,1820
199,1814
200,1842
201,1792
202,1800
203,1874
204,1890
205,1900
206,1892
207,1902
208,1880
209,1864
210,1834
211,1862
212,1858
213,1906
214,1904
215,1910
216,1892
217,1868
218,1856
219,1804
220,1816
221,1802
222,1838
223,1860
224,1844
225,1842
226,1810
227,1804
228,1786
229,1802
230,1794
231,1868
232,1918
233,1948
234,1950
235,1956
236,1976
237,1948
238,1912
239,1900
240,1896
241,1902
242,1908
243,1892
244,1868
245,1918
246,1976
247,1990
248,1970
249,1906
250,1868
251,1774
252,1764
253,1758
254,1764
255,1754
0,1770
1,1854
2,1848
3,1914
4,1880
5,1900
6,1864
7,1916
8,1896
9,1886
10,1922
11,1906
12,1924
13,1888
14,1862
15,1814
16,1816
17,1814
18,1814
19,1836
20,1844
21,1818
22,1820
23,1826
24,1824
25,1790
26,1776
27,1792
28,1812
29,1818
30,1838
31,1834
32,1842
33,1900
34,1892
35,1918
36,1910
37,1932
38,1934
39,1870
40,1898
41,1906
42,1892
43,1846
44,1880
45,1900
46,1902
47,1884
48,1914
49,1934
50,1916
51,1916
52,1888
53,1878
54,1884
55,1870
56,1832
57,1874
58,1884
59,1946
60,1936
61,1956
62,1938
63,1934
64,1892
65,1848
66,1868
67,1874
68,1854
69,1822
70,1832
71,1838
72,1820
73,1790
74,1820
75,1810
76,1814
77,1794
78,1776
79,1824
80,1836
81,1842
82,1866
83,1908
84,1920
85,1908
86,1928
87,1962
88,1938
89,1920
90,1914
91,1916
92,1932
93,1952
94,1912
95,1866
96,1880
97,1848
98,1828
99,1818
100,1858
101,1818
102,1840
103,1862
104,1862
105,1820
106,1842
107,1822
108,1848
109,1856
110,1890
111,1908
112,1922
113,1900
114,1866
115,1840
116,1856
117,1848
118,1880
119,1876
120,1882
121,1890
122,1908
123,1952
124,1988
125,1998
126,1970
127,1942
128,1912
129,1900
130,1890
131,1890
132,1930
133,1892
134,1888
135,1870
136,1852
137,1862
138,1838
139,1880
140,1860
141,1854
142,1818
143,1842
144,1808
145,1796
146,1806
147,1794
148,1876
149,1872
150,1908
151,1906
152,1928
153,1970
154,1958
155,1958
156,1932
157,1928
158,1872
159,1882
160,1874
161,1908
162,1942
163,1962
164,1976
165,1952
166,1948
167,1960
168,1934
169,1926
170,1862
171,1848
172,1848
173,1890
174,1888
175,1874
176,1898
177,1872
178,1868
179,1866
180,1840
181,1890
182,1842
183,1840
184,1850
185,1838
186,1864
187,1846
188,1848
189,1852
190,1826
191,1818
192,1832
193,1880
194,1882
195,1902
196,1894
197,1904
198,1904
199,1862
200,1884
201,1922
202,1954
203,1914
204,1916
205,1878
206,1914
207,1904
208,1858
209,1824
210,1802
211,1818
212,1816
213,1814
214,1848
215,1844
216,1850
217,1804
218,1820
